  0	  0
-0,04	0,15
-0,08	0,15
-0,04	0,16
-0,04	0,17
0,03	0,13
-0,04	0,16
-0,01	0,11
-0,05	0,15
0,01	0,18
  0	0,17
0,05	0,14
0,06	0,14
0,08	0,12
0,08	0,17
0,1	0,14
0,1	0,18
0,18	0,16
0,12	0,18
0,07	0,15
0,15	0,15
0,16	0,14
0,17	0,13
0,2	0,16
0,27	0,13
0,22	0,17
0,28	0,14
0,23	0,15
0,24	0,12
0,26	0,18
0,25	0,16
0,27	0,13
0,29	0,14
0,31	0,12
0,34	0,16
0,38	0,12
0,33	0,16
0,41	0,14
0,28	0,15
0,36	0,15
0,37	0,17
0,4	0,12
0,48	0,13
0,42	0,13
0,41	0,14
0,42	0,15
0,45	0,18
0,49	0,15
0,48	0,12
0,49	0,16
0,49	0,15
0,48	0,14
0,51	0,15
0,54	0,18
0,54	0,16
0,56	0,17
0,57	0,15
0,61	0,17
0,57	0,14
0,6	0,17
0,63	0,14
0,62	0,15
0,65	0,19
0,63	0,18
0,67	0,16
0,67	0,16
0,69	0,2
0,7	0,19
0,73	0,17
0,73	0,16
0,73	0,13
0,82	0,1
0,76	0,19
0,84	0,12
0,78	0,17
0,79	0,19
0,81	0,16
0,79	0,15
0,85	0,16
0,83	0,17
0,88	0,16
0,87	0,16
0,88	0,17
0,88	0,16
0,92	0,18
0,98	0,14
0,99	0,12
0,98	0,16
0,94	0,16
0,95	0,16
0,96	0,19
0,98	0,15
0,98	0,18
0,99	0,15
1,03	0,16
1,02	0,15
0,98	0,17
1,04	0,14
1,13	0,14
1,07	0,14
1,06	0,16
1,12	0,17
1,12	0,14
1,17	0,13
1,13	0,13
1,15	0,13
1,16	0,13
1,09	0,15
1,12	0,16
1,12	0,15
1,18	0,16
1,21	0,19
1,23	0,12
1,21	0,14
1,24	0,15
1,26	0,14
1,26	0,17
1,38	0,15
1,29	0,15
1,3	0,14
1,25	0,15
1,33	0,17
1,3	0,14
1,35	0,17
1,37	0,2
1,38	0,14
1,37	0,17
1,46	0,15
1,41	0,13
1,43	0,19
1,45	0,16
1,46	0,17
1,46	0,19
1,51	0,16
1,48	0,16
1,42	0,16
1,5	0,17
1,5	0,16
1,53	0,17
1,54	0,12
1,61	0,13
1,61	0,15
1,57	0,16
1,57	0,15
1,54	0,16
1,62	0,14
1,63	0,12
1,62	0,2
1,59	0,14
1,66	0,18
1,66	0,15
1,62	0,15
1,67	0,15
1,68	0,14
1,64	0,15
1,73	0,18
1,76	0,14
1,73	0,17
1,78	0,12
1,76	0,15
1,77	0,15
1,79	0,15
1,86	0,14
1,82	0,17
1,87	0,17
1,86	0,17
1,86	0,19
1,86	0,14
1,88	0,13
1,81	0,15
1,91	0,16
1,84	0,15
1,91	0,18
1,92	0,15
1,95	0,19
1,88	0,15
1,97	0,14
2,06	0,15
2,03	0,13
2,04	0,19
2,03	0,17
2,1	0,14
2,03	0,17
2,04	0,19
2,13	0,14
2,13	0,13
2,11	0,13
2,09	0,19
2,1	0,16
2,11	0,13
2,19	0,15
2,14	0,16
2,14	0,16
2,16	0,16
2,23	0,15
2,19	0,13
2,14	0,16
2,21	0,18
2,17	0,14
2,24	0,12
2,22	0,16
2,26	0,15
2,34	0,13
2,2	0,15
2,3	0,14
2,28	0,15
2,32	0,18
2,33	0,18
2,34	0,16
2,37	0,17
2,28	0,15
2,37	0,13
2,37	0,13
2,4	0,21
2,4	0,13
2,41	0,19
2,43	0,16
2,44	0,15
2,45	0,16
2,46	0,14
2,47	0,18
2,55	0,15
2,5	0,15
2,51	0,19
2,53	0,17
2,48	0,14
2,55	0,17
2,56	0,19
2,59	0,17
2,59	0,17
2,66	0,15
2,61	0,17
2,67	0,13
2,63	0,16
2,66	0,17
2,66	0,16
2,6	0,16
2,75	0,16
2,68	0,15
2,66	0,14
2,66	0,14
2,8	0,15
2,73	0,16
2,73	0,16
2,78	0,16
2,76	0,15
2,78	0,14
2,76	0,16
2,83	0,17
2,8	0,14
2,81	0,16
2,83	0,13
2,78	0,15
2,87	0,17
2,88	0,15
2,88	0,16
2,86	0,14
2,91	0,13
2,91	0,17
2,94	0,19
2,93	0,15
3,01	0,15
3,03	0,15
2,92	0,16
3,05	0,12
2,98	0,14
3,01	0,14
3,02	0,17
2,96	0,15
3,07	0,15
3,14	0,12
3,14	0,14
3,16	0,13
3,09	0,17
3,11	0,13
3,05	0,16
3,12	0,16
3,2	0,15
3,12	0,15
3,1	0,15
3,17	0,17
3,11	0,15
3,2	0,15
3,22	0,19
3,22	0,13
3,22	0,17
3,23	0,15
3,33	0,14
3,29	0,13
3,2	0,15
3,3	0,13
3,38	0,12
3,3	0,17
3,31	0,16
3,34	0,19
3,36	0,17
3,37	0,15
3,36	0,18
3,38	0,16
3,41	0,13
3,43	0,17
3,42	0,19
3,5	0,15
3,45	0,13
3,42	0,14
3,4	0,14
3,47	0,15
3,5	0,17
3,5	0,19
3,56	0,16
3,55	0,17
3,55	0,18
3,5	0,14
3,57	0,17
3,57	0,18
3,58	0,17
3,56	0,16
3,61	0,16
3,68	0,17
3,62	0,15
3,64	0,17
3,64	0,13
3,66	0,14
3,67	0,17
3,67	0,15
3,72	0,13
3,71	0,16
3,72	0,13
3,72	0,17
3,78	0,18
3,75	0,18
3,69	0,15
3,78	0,13
3,78	0,13
3,82	0,17
3,81	0,2
3,82	0,16
3,78	0,14
3,84	0,16
3,86	0,17
3,85	0,15
3,88	0,2
3,88	0,17
3,98	0,15
3,86	0,14
3,96	0,17
3,95	0,14
  4	0,16
3,96	0,16
4,02	0,16
3,99	0,16
3,99	0,2
  4	0,17
4,01	0,18
4,08	0,18
4,06	0,19
4,06	0,21
4,07	0,17
4,08	0,18
4,08	0,19
4,16	0,2
4,13	0,2
4,09	0,18
4,16	0,21
4,2	0,2
4,14	0,19
4,17	0,21
4,18	0,24
4,13	0,2
4,19	0,23
4,15	0,21
4,24	0,22
4,23	0,21
4,28	0,21
4,28	0,24
4,2	0,23
4,21	0,24
4,29	0,22
4,26	0,24
4,32	0,29
4,32	0,25
4,36	0,25
4,31	0,26
4,36	0,27
4,4	0,28
4,38	0,29
4,39	0,3
4,39	0,29
4,39	0,29
4,43	0,3
4,44	0,28
4,47	0,3
4,46	0,32
4,47	0,3
4,51	0,29
4,54	0,33
4,5	0,33
4,54	0,32
4,57	0,34
4,6	0,34
4,58	0,34
4,58	0,34
4,58	0,32
4,58	0,36
4,55	0,35
4,66	0,36
4,63	0,36
4,53	0,36
4,52	0,37
4,45	0,35
4,48	0,35
4,47	0,38
4,39	0,34
4,46	0,32
4,44	0,34
4,37	0,34
4,41	0,33
4,44	0,3
4,4	0,36
4,39	0,32
4,39	0,28
4,41	0,32
4,38	0,28
4,36	0,31
4,35	0,31
4,28	0,29
4,3	0,31
4,29	0,28
4,29	0,3
4,26	0,28
4,25	0,24
4,33	0,27
4,25	0,26
4,23	0,23
4,29	0,24
4,2	0,25
4,19	0,25
4,18	0,25
4,18	0,26
4,17	0,22
4,14	0,23
4,1	0,21
4,14	0,19
4,1	0,22
4,17	0,19
4,08	0,2
4,06	0,23
4,06	0,21
  4	0,2
4,03	0,19
4,1	0,19
4,06	0,2
3,98	0,17
3,99	0,19
  4	0,2
3,99	0,19
3,97	0,19
  4	0,18
3,92	0,17
3,92	0,19
3,91	0,18
3,88	0,17
3,86	0,17
3,88	0,18
3,86	0,19
3,85	0,17
3,81	0,15
3,79	0,15
3,81	0,16
3,81	0,16
3,8	0,16
3,8	0,16
3,79	0,19
3,78	0,17
3,77	0,18
3,74	0,18
3,74	0,17
3,71	0,18
3,71	0,19
3,65	0,14
3,77	0,16
3,67	0,14
3,66	0,17
3,65	0,18
3,63	0,13
3,64	0,18
3,58	0,14
3,62	0,17
3,61	0,18
3,59	0,2
3,57	0,16
3,5	0,14
3,55	0,17
3,51	0,14
3,58	0,15
3,48	0,18
3,5	0,16
3,45	0,14
3,52	0,16
3,46	0,17
3,38	0,15
3,45	0,19
3,41	0,15
3,41	0,18
3,4	0,18
3,41	0,14
3,47	0,14
3,38	0,17
3,37	0,17
3,38	0,17
3,32	0,16
3,31	0,18
3,31	0,19
3,3	0,18
3,3	0,19
3,26	0,14
3,27	0,15
3,3	0,13
3,31	0,15
3,25	0,17
3,21	0,15
3,28	0,14
3,21	0,17
3,11	0,15
3,16	0,16
3,17	0,13
3,1	0,15
3,11	0,14
3,06	0,15
3,2	0,13
3,12	0,16
3,16	0,14
3,08	0,15
3,11	0,16
3,03	0,17
3,06	0,17
3,03	0,16
2,96	0,15
2,98	0,16
  3	0,14
2,97	0,15
2,97	0,16
2,96	0,13
2,97	0,17
2,95	0,13
2,92	0,15
2,92	0,15
2,89	0,19
2,91	0,12
2,89	0,19
2,87	0,13
2,87	0,17
2,91	0,14
2,85	0,14
2,89	0,15
2,77	0,16
2,81	0,15
2,78	0,17
2,76	0,15
2,71	0,14
2,76	0,17
2,75	0,21
2,71	0,15
2,78	0,13
2,73	0,17
2,71	0,16
2,67	0,15
2,74	0,13
2,67	0,19
2,69	0,13
2,56	0,15
2,64	0,13
2,7	0,14
2,64	0,16
2,58	0,14
2,59	0,15
2,57	0,15
2,56	0,13
2,54	0,15
2,53	0,18
2,55	0,16
2,45	0,15
2,51	0,19
2,5	0,15
2,47	0,15
2,47	0,19
2,45	0,14
2,5	0,15
2,45	0,13
2,45	0,16
2,41	0,16
2,4	0,17
2,39	0,14
2,36	0,12
2,38	0,17
2,36	0,19
2,36	0,17
2,34	0,17
2,31	0,17
2,32	0,12
2,29	0,17
2,34	0,13
2,34	0,14
2,25	0,18
2,25	0,19
2,23	0,16
2,22	0,14
2,2	0,18
2,12	0,15
2,19	0,18
2,25	0,15
2,23	0,15
2,17	0,17
2,17	0,17
2,12	0,18
2,12	0,18
2,18	0,14
2,09	0,17
2,06	0,15
2,08	0,15
2,06	0,15
2,05	0,16
2,03	0,17
2,02	0,15
1,98	0,14
1,99	0,18
1,98	0,16
1,91	0,15
1,97	0,15
1,98	0,15
1,95	0,16
1,87	0,18
1,9	0,15
1,9	0,18
1,9	0,16
1,89	0,19
1,81	0,15
1,87	0,15
1,84	0,18
1,86	0,17
1,82	0,17
1,82	0,16
1,78	0,14
1,79	0,15
1,78	0,19
1,78	0,15
1,68	0,14
1,7	0,16
1,75	0,11
1,78	0,16
1,69	0,15
1,71	0,19
1,72	0,19
1,67	0,15
1,67	0,14
1,64	0,18
1,68	0,16
1,63	0,14
1,62	0,13
1,56	0,14
1,56	0,14
1,56	0,16
1,57	0,18
1,48	0,15
1,53	0,15
1,46	0,15
1,56	0,16
1,51	0,17
1,54	0,18
1,5	0,18
1,48	0,17
1,5	0,17
1,5	0,13
1,45	0,19
1,43	0,2
1,43	0,13
1,39	0,15
1,4	0,16
1,38	0,17
1,39	0,13
1,37	0,13
1,28	0,15
1,26	0,15
1,26	0,16
1,4	0,13
1,3	0,15
1,29	0,17
1,25	0,14
1,2	0,15
1,31	0,15
1,32	0,15
1,23	0,13
1,22	0,12
1,18	0,15
1,18	0,15
1,2	0,13
1,17	0,17
1,09	0,15
1,16	0,13
1,21	0,13
1,18	0,17
1,12	0,17
1,11	0,15
1,07	0,15
1,08	0,17
1,08	0,14
  1	0,16
1,06	0,17
1,05	0,15
0,98	0,15
1,03	0,18
0,99	0,17
0,97	0,15
0,99	0,12
0,98	0,12
0,93	0,15
0,93	0,15
0,93	0,16
0,89	0,18
0,9	0,15
0,88	0,15
0,81	0,15
0,88	0,16
0,87	0,14
0,83	0,15
0,92	0,13
0,75	0,15
0,83	0,16
0,76	0,16
0,78	0,17
0,78	0,15
0,76	0,17
0,82	0,12
0,81	0,14
0,73	0,16
0,73	0,17
0,7	0,17
0,69	0,15
0,69	0,15
0,67	0,17
0,65	0,17
0,64	0,18
0,57	0,15
0,63	0,14
0,59	0,15
0,62	0,16
0,55	0,14
0,57	0,16
0,57	0,15
0,56	0,18
0,57	0,18
0,62	0,13
0,54	0,16
0,54	0,17
0,5	0,13
0,5	0,12
0,42	0,14
0,45	0,15
0,45	0,16
0,44	0,15
0,37	0,16
0,49	0,14
0,48	0,12
0,38	0,16
0,31	0,15
0,37	0,12
0,34	0,14
0,35	0,17
0,34	0,17
0,3	0,12
0,32	0,15
0,32	0,19
0,31	0,16
0,29	0,19
0,29	0,17
0,27	0,19
0,18	0,16
0,25	0,17
0,18	0,15
0,25	0,16
0,26	0,17
0,14	0,15
0,16	0,16
0,15	0,15
0,22	0,14
0,08	0,16
0,15	0,15
0,09	0,16
0,12	0,17
0,1	0,16
0,08	0,14
0,04	0,14
0,07	0,14
0,05	0,17
0,07	0,12
0,04	0,12
0,03	0,16
-0,04	0,15
0,08	0,13
-0,03	0,16
-0,01	0,12
