  0	  0
-0,1	0,16
-0,05	0,15
-0,07	0,19
-0,13	0,16
-0,02	0,12
-0,02	0,12
-0,01	0,19
-0,01	0,15
-0,03	0,15
0,03	0,11
0,03	0,15
0,06	0,16
0,12	0,16
0,09	0,15
0,1	0,17
0,1	0,16
0,13	0,15
0,13	0,17
0,13	0,17
0,16	0,17
0,15	0,16
0,17	0,13
0,18	0,17
0,19	0,17
0,21	0,13
0,23	0,19
0,3	0,14
0,25	0,14
0,31	0,12
0,27	0,17
0,28	0,13
0,29	0,16
0,3	0,12
0,38	0,15
0,32	0,18
0,29	0,16
0,34	0,17
0,37	0,14
0,37	0,17
0,35	0,15
0,39	0,18
0,34	0,15
0,42	0,16
0,35	0,15
0,48	0,13
0,45	0,18
0,44	0,13
0,51	0,16
0,48	0,18
0,42	0,16
0,56	0,12
0,51	0,18
0,53	0,18
0,56	0,16
0,55	0,15
0,57	0,15
0,57	0,19
0,6	0,19
0,61	0,16
0,61	0,18
0,69	0,13
0,63	0,18
0,67	0,16
0,73	0,16
0,76	0,12
0,68	0,16
0,72	0,17
0,7	0,17
0,74	0,17
0,74	0,18
0,75	0,22
0,75	0,19
0,76	0,14
0,78	0,17
0,72	0,15
0,84	0,15
0,81	0,17
0,84	0,14
0,86	0,17
0,92	0,14
0,89	0,12
0,89	0,14
0,93	0,15
0,89	0,16
0,9	0,19
0,98	0,14
0,94	0,19
0,95	0,19
1,03	0,12
0,96	0,15
0,98	0,16
0,92	0,15
1,06	0,16
1,01	0,15
0,97	0,14
1,02	0,14
1,06	0,19
1,03	0,14
1,08	0,16
1,1	0,17
1,09	0,15
1,09	0,15
1,15	0,15
1,12	0,15
1,21	0,13
1,15	0,16
1,18	0,16
1,25	0,12
1,19	0,19
1,21	0,17
1,21	0,16
1,27	0,16
1,25	0,17
1,31	0,13
1,26	0,15
1,27	0,18
1,32	0,15
1,29	0,18
1,32	0,18
1,31	0,16
1,35	0,17
1,28	0,14
1,42	0,14
1,35	0,15
1,38	0,17
1,39	0,15
1,41	0,17
1,39	0,15
1,4	0,14
1,43	0,15
1,45	0,13
1,45	0,13
1,54	0,13
1,45	0,16
1,48	0,15
1,5	0,19
1,56	0,15
1,52	0,14
1,54	0,17
1,54	0,15
1,54	0,15
1,61	0,15
1,61	0,18
1,56	0,16
1,6	0,13
1,61	0,17
1,62	0,15
1,63	0,15
1,63	0,15
1,66	0,15
1,69	0,16
1,68	0,17
1,7	0,16
1,71	0,16
1,72	0,15
1,68	0,16
1,68	0,14
1,73	0,15
1,77	0,15
1,85	0,13
1,78	0,19
1,79	0,16
1,78	0,14
1,82	0,16
1,84	0,18
1,88	0,16
1,86	0,18
1,85	0,16
1,87	0,16
1,88	0,14
  2	0,13
1,91	0,16
  2	0,17
1,95	0,13
1,96	0,17
1,94	0,15
1,99	0,17
1,96	0,14
2,05	0,13
1,99	0,15
2,06	0,19
2,04	0,14
2,06	0,13
2,03	0,14
2,08	0,16
2,09	0,17
2,1	0,13
2,12	0,18
2,11	0,14
2,14	0,17
2,15	0,17
2,14	0,17
2,15	0,15
2,17	0,16
2,16	0,18
2,2	0,15
2,2	0,15
2,16	0,13
2,23	0,14
2,26	0,17
2,32	0,15
2,26	0,19
2,29	0,17
2,29	0,15
2,28	0,15
2,23	0,16
2,3	0,16
2,29	0,16
2,3	0,16
2,36	0,15
2,45	0,14
2,39	0,17
2,4	0,17
2,41	0,14
2,44	0,16
2,45	0,16
2,44	0,17
2,53	0,11
2,44	0,16
2,48	0,18
2,46	0,14
2,57	0,13
2,51	0,16
2,53	0,12
2,55	0,17
2,56	0,17
2,51	0,14
2,58	0,12
2,58	0,12
2,6	0,11
2,61	0,18
2,66	0,14
2,56	0,14
2,71	0,15
2,66	0,19
2,68	0,17
2,68	0,16
2,68	0,19
2,67	0,13
2,71	0,2
2,73	0,14
2,74	0,18
2,81	0,15
2,72	0,14
2,69	0,15
2,8	0,17
2,83	0,16
2,85	0,15
2,8	0,15
2,85	0,13
2,83	0,18
2,86	0,17
2,89	0,16
2,94	0,15
2,96	0,14
2,86	0,16
2,85	0,14
2,84	0,15
2,94	0,19
2,91	0,14
3,02	0,13
2,97	0,16
2,98	0,13
2,99	0,17
2,93	0,15
3,01	0,17
2,96	0,16
3,05	0,17
3,02	0,14
3,07	0,17
3,06	0,16
3,07	0,18
3,1	0,11
3,1	0,15
3,11	0,15
3,11	0,15
3,15	0,16
3,23	0,14
3,21	0,13
3,25	0,13
3,2	0,19
3,27	0,11
3,22	0,17
3,23	0,16
3,2	0,15
3,23	0,16
3,25	0,19
3,27	0,16
3,28	0,19
3,23	0,15
3,29	0,15
3,31	0,19
3,32	0,18
3,34	0,19
3,36	0,17
3,36	0,13
3,41	0,17
3,37	0,17
3,42	0,17
3,49	0,14
3,42	0,18
3,44	0,13
3,45	0,22
3,39	0,15
3,46	0,18
3,53	0,17
3,49	0,16
3,46	0,16
3,49	0,16
3,55	0,18
3,55	0,14
3,55	0,15
3,58	0,18
3,56	0,16
3,56	0,16
3,59	0,17
3,52	0,15
3,63	0,17
3,56	0,18
3,63	0,2
3,66	0,21
3,59	0,17
3,68	0,17
3,64	0,18
3,73	0,2
3,7	0,2
3,7	0,18
3,72	0,2
3,69	0,18
3,75	0,21
3,77	0,24
3,77	0,2
3,76	0,2
3,92	0,2
3,81	0,18
3,75	0,21
3,88	0,24
3,86	0,24
3,86	0,2
3,88	0,24
3,88	0,24
3,9	0,22
3,91	0,25
3,94	0,26
4,01	0,26
3,93	0,27
3,89	0,26
4,01	0,27
4,03	0,28
  4	0,28
3,93	0,27
  4	0,3
4,02	0,32
4,01	0,3
4,05	0,35
4,06	0,34
4,08	0,31
4,15	0,31
4,1	0,29
4,1	0,32
4,13	0,31
4,11	0,35
4,14	0,31
4,22	0,34
4,16	0,34
4,16	0,31
4,17	0,35
4,17	0,36
4,13	0,34
4,23	0,33
4,21	0,35
4,32	0,36
4,21	0,36
4,25	0,36
4,28	0,37
4,3	0,35
4,32	0,36
4,38	0,37
4,32	0,39
4,32	0,37
4,36	0,37
4,41	0,38
4,35	0,39
4,45	0,38
4,35	0,38
4,4	0,39
4,42	0,37
4,35	0,37
4,49	0,38
4,45	0,38
4,49	0,36
4,53	0,38
4,47	0,37
4,41	0,37
4,51	0,39
4,52	0,37
4,55	0,37
4,54	0,35
4,56	0,38
4,55	0,38
4,64	0,39
4,51	0,38
4,57	0,41
4,61	0,37
4,51	0,38
4,57	0,39
4,48	0,37
4,51	0,38
4,57	0,39
4,47	0,38
4,45	0,37
4,47	0,41
4,44	0,38
4,43	0,38
4,4	0,38
4,41	0,38
4,35	0,37
4,4	0,39
4,41	0,38
4,37	0,4
4,43	0,38
4,36	0,41
4,4	0,37
4,27	0,37
4,35	0,38
4,31	0,37
4,36	0,38
4,27	0,39
4,36	0,37
4,28	0,37
4,25	0,39
4,25	0,37
4,29	0,37
4,18	0,37
4,22	0,34
4,25	0,37
4,19	0,39
4,19	0,34
4,16	0,38
4,14	0,38
4,13	0,36
4,11	0,36
4,08	0,35
4,09	0,35
4,1	0,32
4,09	0,37
4,09	0,33
4,08	0,35
3,96	0,33
4,05	0,31
4,03	0,32
4,03	0,33
4,06	0,33
3,96	0,32
3,97	0,32
3,94	0,31
3,96	0,28
4,01	0,28
3,91	0,29
3,9	0,29
3,9	0,28
3,89	0,29
3,88	0,27
3,88	0,28
3,85	0,27
3,81	0,28
3,81	0,26
3,91	0,25
3,82	0,28
3,8	0,23
3,83	0,25
3,82	0,25
3,7	0,23
3,76	0,21
3,74	0,23
3,71	0,23
3,63	0,21
3,72	0,22
3,7	0,25
3,69	0,2
3,67	0,25
3,65	0,2
3,67	0,21
3,59	0,18
3,62	0,19
3,61	0,2
3,61	0,17
3,59	0,23
3,54	0,18
3,57	0,16
3,49	0,17
3,54	0,18
3,58	0,19
3,51	0,16
3,51	0,19
3,49	0,17
3,45	0,17
3,47	0,18
3,47	0,14
3,42	0,18
3,39	0,15
3,39	0,15
3,35	0,16
3,42	0,19
3,32	0,15
3,37	0,16
3,45	0,13
3,44	0,12
3,37	0,18
3,33	0,13
3,27	0,14
3,33	0,18
3,3	0,17
3,29	0,19
3,28	0,15
3,25	0,15
3,3	0,13
3,28	0,15
3,23	0,13
3,22	0,19
3,21	0,17
3,19	0,18
3,14	0,14
3,22	0,13
3,17	0,17
3,17	0,17
3,21	0,15
3,06	0,15
3,18	0,13
3,08	0,15
3,09	0,18
3,09	0,14
3,06	0,16
3,05	0,18
3,08	0,17
3,02	0,18
3,03	0,17
2,96	0,14
  3	0,16
2,98	0,17
2,92	0,16
2,95	0,15
2,95	0,13
2,84	0,15
2,95	0,17
2,84	0,15
2,9	0,16
2,86	0,15
2,89	0,13
2,89	0,15
2,87	0,16
2,86	0,14
2,84	0,15
2,84	0,18
2,87	0,15
2,85	0,13
2,79	0,15
2,78	0,15
2,77	0,19
2,76	0,14
2,67	0,15
2,78	0,16
2,72	0,18
2,7	0,17
2,7	0,14
2,7	0,17
2,75	0,13
2,6	0,15
2,59	0,14
2,62	0,19
2,62	0,14
2,62	0,15
2,56	0,14
2,6	0,19
2,56	0,13
2,51	0,14
2,55	0,16
2,56	0,14
2,53	0,13
2,53	0,18
2,52	0,12
2,44	0,15
2,48	0,15
2,55	0,13
2,47	0,17
2,47	0,17
2,44	0,16
2,44	0,13
2,42	0,18
2,41	0,19
2,39	0,15
2,38	0,18
2,39	0,17
2,37	0,13
2,31	0,15
2,35	0,17
2,33	0,15
2,33	0,17
2,29	0,16
2,29	0,18
2,29	0,16
2,19	0,15
2,26	0,16
2,3	0,15
2,28	0,14
2,17	0,14
2,17	0,13
2,23	0,17
2,19	0,19
2,19	0,18
2,24	0,13
2,15	0,14
2,22	0,15
2,12	0,13
2,12	0,17
2,11	0,2
2,09	0,13
2,01	0,15
2,07	0,16
2,06	0,16
2,04	0,13
2,04	0,19
2,03	0,19
2,01	0,2
2,01	0,19
1,99	0,16
1,99	0,14
1,94	0,15
  2	0,2
1,94	0,18
1,94	0,13
  2	0,14
1,91	0,18
1,89	0,18
1,89	0,19
1,87	0,17
1,86	0,14
1,9	0,17
1,85	0,17
1,82	0,18
1,79	0,14
1,8	0,18
1,78	0,18
1,77	0,17
1,76	0,19
1,73	0,14
1,75	0,19
1,76	0,17
1,73	0,17
1,7	0,15
1,65	0,14
1,68	0,18
1,64	0,18
1,65	0,14
1,67	0,17
1,64	0,16
1,6	0,15
1,62	0,19
1,54	0,14
1,59	0,13
1,6	0,17
1,57	0,15
1,51	0,14
1,56	0,15
1,52	0,15
1,46	0,16
1,5	0,17
1,5	0,19
1,44	0,15
1,46	0,16
1,47	0,11
1,46	0,17
1,45	0,15
1,43	0,13
1,42	0,18
1,39	0,15
1,4	0,15
1,39	0,17
1,36	0,14
1,38	0,17
1,38	0,17
1,33	0,14
1,37	0,15
1,28	0,15
1,31	0,16
1,26	0,14
1,29	0,17
1,27	0,14
1,24	0,17
1,25	0,17
1,23	0,19
1,23	0,14
1,2	0,14
1,2	0,14
1,18	0,18
1,17	0,19
1,16	0,19
1,21	0,12
1,12	0,15
1,2	0,14
1,13	0,16
1,1	0,18
1,09	0,16
1,04	0,15
1,09	0,12
1,02	0,15
1,06	0,16
1,04	0,13
1,07	0,14
  1	0,17
1,01	0,14
0,98	0,19
0,91	0,15
1,04	0,1
0,95	0,16
0,93	0,17
0,97	0,16
0,93	0,16
0,91	0,19
0,85	0,16
0,87	0,15
0,85	0,15
0,87	0,15
0,86	0,2
0,83	0,15
0,83	0,15
0,81	0,17
0,79	0,15
0,79	0,14
0,77	0,18
0,73	0,15
0,74	0,15
0,74	0,15
0,76	0,17
0,74	0,17
0,71	0,17
0,76	0,12
0,68	0,17
0,68	0,17
0,66	0,17
0,63	0,15
0,63	0,13
0,63	0,17
0,67	0,13
0,68	0,13
0,6	0,15
0,58	0,17
0,52	0,15
0,56	0,15
0,54	0,17
0,54	0,16
0,52	0,13
0,45	0,15
0,57	0,13
0,46	0,15
0,47	0,16
0,47	0,12
0,4	0,15
0,46	0,17
0,4	0,15
0,47	0,12
0,49	0,14
0,4	0,15
0,43	0,16
0,38	0,17
0,36	0,17
0,35	0,18
0,35	0,13
0,38	0,15
0,31	0,18
0,31	0,17
0,27	0,15
0,36	0,13
0,27	0,18
0,26	0,15
0,27	0,16
0,24	0,19
0,25	0,17
0,23	0,13
0,21	0,16
0,16	0,15
0,18	0,15
0,21	0,16
0,13	0,15
0,13	0,15
0,21	0,13
0,06	0,15
0,12	0,15
0,09	0,17
0,09	0,14
0,08	0,15
0,04	0,16
0,06	0,15
0,05	0,16
0,04	0,16
0,01	0,17
-0,05	0,15
-0,02	0,15
-0,02	0,18
-0,02	0,2
