  0	  0
0,03	0,16
-0,04	0,14
-0,07	0,16
-0,04	0,17
-0,05	0,16
-0,02	0,15
0,05	0,13
0,01	0,18
-0,02	0,15
  0	0,15
0,07	0,17
0,05	0,15
0,09	0,19
0,07	0,16
0,11	0,16
0,04	0,15
0,1	0,16
0,12	0,15
0,15	0,18
0,14	0,13
0,16	0,18
0,16	0,17
0,18	0,17
0,2	0,14
0,21	0,19
0,24	0,16
0,24	0,17
0,18	0,15
0,27	0,15
0,27	0,19
0,27	0,17
0,29	0,15
0,31	0,19
0,38	0,14
0,32	0,18
0,32	0,16
0,36	0,16
0,29	0,15
0,38	0,12
0,37	0,13
0,41	0,13
0,42	0,16
0,36	0,15
0,42	0,17
0,44	0,19
0,44	0,19
0,42	0,15
0,42	0,16
0,48	0,16
0,49	0,17
0,51	0,21
0,52	0,17
0,54	0,14
0,57	0,15
0,63	0,12
0,57	0,16
0,59	0,18
0,58	0,17
0,68	0,13
0,61	0,17
0,67	0,17
0,64	0,19
0,65	0,14
0,67	0,16
0,67	0,13
0,7	0,18
0,7	0,19
0,77	0,15
0,69	0,16
0,74	0,17
0,72	0,15
0,76	0,16
0,85	0,1
0,73	0,15
0,79	0,15
0,8	0,15
0,82	0,16
0,82	0,13
0,82	0,15
0,85	0,13
0,87	0,19
0,87	0,17
0,91	0,12
0,9	0,15
0,89	0,16
0,92	0,18
0,9	0,15
0,96	0,17
0,96	0,13
1,04	0,14
0,97	0,14
0,99	0,16
0,97	0,16
1,01	0,15
1,02	0,14
1,01	0,16
1,04	0,15
1,03	0,15
1,01	0,15
1,08	0,17
1,09	0,15
1,12	0,16
1,09	0,15
1,13	0,19
1,15	0,17
1,15	0,18
1,17	0,15
1,18	0,14
1,2	0,19
1,19	0,16
1,2	0,17
1,21	0,16
1,24	0,18
1,25	0,17
1,18	0,15
1,26	0,15
1,25	0,16
1,3	0,13
1,34	0,15
1,4	0,11
1,34	0,16
1,34	0,13
1,28	0,15
1,36	0,15
1,35	0,19
1,42	0,18
1,33	0,14
1,4	0,19
1,47	0,14
1,43	0,17
1,45	0,17
1,39	0,14
1,46	0,19
1,46	0,18
1,5	0,12
1,5	0,16
1,45	0,15
1,56	0,16
1,54	0,19
1,54	0,17
1,48	0,15
1,61	0,15
1,56	0,15
1,59	0,16
1,62	0,17
1,68	0,11
1,64	0,16
1,66	0,17
1,64	0,16
1,68	0,17
1,72	0,17
1,7	0,16
1,68	0,18
1,64	0,15
1,73	0,13
1,81	0,14
1,75	0,15
1,84	0,14
1,79	0,17
1,76	0,16
1,78	0,15
1,76	0,16
1,78	0,14
1,83	0,19
1,84	0,13
1,92	0,14
1,86	0,18
1,86	0,14
1,89	0,17
1,9	0,19
1,9	0,15
1,93	0,13
1,93	0,19
1,92	0,14
2,01	0,15
1,97	0,16
2,04	0,15
2,01	0,16
1,93	0,15
2,09	0,15
2,02	0,18
2,03	0,15
2,03	0,15
2,06	0,17
2,14	0,15
2,06	0,15
2,1	0,19
2,18	0,13
2,05	0,15
2,13	0,19
2,14	0,15
2,17	0,17
2,16	0,19
2,2	0,16
2,17	0,15
2,14	0,16
2,22	0,14
2,22	0,17
2,25	0,18
2,23	0,17
2,33	0,15
2,26	0,18
2,26	0,16
2,29	0,15
2,31	0,13
2,33	0,16
2,33	0,15
2,35	0,14
2,42	0,15
2,36	0,2
2,37	0,14
2,39	0,17
2,44	0,19
2,4	0,19
2,42	0,21
2,43	0,19
2,45	0,13
2,39	0,15
2,47	0,17
2,52	0,16
2,41	0,15
2,44	0,14
2,51	0,13
2,55	0,17
2,54	0,19
2,53	0,15
2,55	0,15
2,57	0,14
2,59	0,16
2,6	0,14
2,62	0,14
2,56	0,15
2,58	0,16
2,64	0,15
2,58	0,15
2,67	0,13
2,69	0,12
2,69	0,16
2,65	0,15
2,72	0,14
2,72	0,15
2,66	0,15
2,72	0,15
2,75	0,19
2,76	0,17
2,76	0,15
2,78	0,17
2,73	0,16
2,8	0,15
2,81	0,14
2,84	0,17
2,94	0,11
2,86	0,17
2,89	0,18
2,89	0,15
2,87	0,15
2,91	0,19
2,94	0,18
2,94	0,14
2,94	0,17
2,95	0,14
2,92	0,14
2,97	0,16
  3	0,16
2,96	0,14
3,02	0,15
3,02	0,18
3,02	0,14
2,97	0,15
3,06	0,19
3,07	0,14
3,16	0,15
3,09	0,14
3,11	0,19
3,07	0,14
3,08	0,14
3,14	0,19
3,14	0,16
3,16	0,16
3,17	0,17
3,19	0,19
3,19	0,15
3,2	0,16
3,22	0,13
3,31	0,14
3,24	0,14
3,25	0,18
3,31	0,17
3,29	0,17
3,3	0,13
3,28	0,15
3,37	0,16
3,33	0,13
3,27	0,15
3,34	0,15
3,37	0,13
3,36	0,16
3,38	0,18
3,45	0,13
3,37	0,17
3,41	0,18
3,44	0,18
3,43	0,19
3,43	0,16
3,47	0,22
3,49	0,2
3,5	0,15
3,56	0,15
3,47	0,18
3,54	0,2
3,53	0,18
3,53	0,19
3,62	0,17
3,56	0,19
3,62	0,2
3,58	0,18
3,58	0,19
3,61	0,2
3,63	0,19
3,63	0,23
3,65	0,19
3,63	0,2
3,66	0,18
3,67	0,22
3,7	0,19
3,72	0,23
3,72	0,24
3,73	0,25
3,73	0,25
3,81	0,25
3,76	0,28
3,78	0,26
3,78	0,25
3,8	0,28
3,8	0,27
3,83	0,29
3,83	0,28
3,77	0,28
3,91	0,29
3,87	0,29
3,92	0,3
3,9	0,28
3,91	0,28
3,91	0,33
3,92	0,29
3,86	0,31
3,95	0,34
4,04	0,32
3,97	0,36
3,99	0,31
3,99	0,35
4,01	0,34
4,01	0,35
4,1	0,35
4,05	0,34
3,99	0,34
3,98	0,34
4,11	0,36
4,08	0,37
4,17	0,36
4,18	0,36
4,21	0,37
4,14	0,32
4,06	0,36
4,16	0,35
4,18	0,37
4,25	0,35
4,21	0,4
4,27	0,37
4,23	0,34
4,25	0,37
4,23	0,38
4,24	0,38
4,25	0,38
4,27	0,38
4,27	0,37
4,28	0,37
4,33	0,37
4,28	0,38
4,33	0,4
4,4	0,38
4,35	0,38
4,41	0,38
4,38	0,4
4,4	0,41
4,39	0,37
4,36	0,37
4,42	0,38
4,43	0,4
4,44	0,39
4,46	0,38
4,49	0,38
4,5	0,37
4,55	0,39
4,51	0,41
4,5	0,4
4,52	0,38
4,53	0,38
4,55	0,37
4,57	0,36
4,53	0,38
4,52	0,38
4,6	0,38
4,61	0,38
4,64	0,38
4,53	0,38
4,54	0,39
4,55	0,38
4,45	0,38
4,47	0,38
4,49	0,39
4,47	0,43
4,42	0,38
4,51	0,38
4,44	0,35
4,4	0,38
4,45	0,36
4,47	0,39
4,37	0,38
4,39	0,38
4,35	0,38
4,36	0,36
4,37	0,39
4,36	0,38
4,33	0,41
4,34	0,4
4,36	0,38
4,28	0,38
4,35	0,38
4,27	0,39
4,3	0,38
4,26	0,34
4,26	0,37
4,21	0,38
4,28	0,38
4,19	0,38
4,19	0,39
4,17	0,37
4,23	0,38
4,11	0,37
4,13	0,37
4,21	0,38
4,11	0,37
4,1	0,38
4,07	0,39
4,11	0,34
4,08	0,37
4,02	0,36
4,02	0,37
4,07	0,36
4,02	0,36
4,02	0,36
  4	0,36
4,03	0,35
3,97	0,35
3,96	0,36
3,95	0,33
3,95	0,34
3,92	0,31
3,92	0,34
3,9	0,33
3,91	0,33
3,89	0,3
3,88	0,3
3,85	0,31
3,81	0,31
3,91	0,32
3,79	0,3
3,8	0,31
3,86	0,31
3,86	0,29
3,76	0,29
3,75	0,3
3,72	0,27
3,75	0,27
3,66	0,26
3,72	0,28
3,69	0,27
3,7	0,28
3,76	0,22
3,66	0,25
3,67	0,28
3,64	0,24
3,64	0,25
3,59	0,22
3,62	0,23
3,68	0,23
3,59	0,23
3,56	0,2
3,55	0,23
3,49	0,2
3,54	0,2
3,57	0,21
3,58	0,18
3,49	0,22
3,46	0,19
3,44	0,2
3,47	0,18
3,46	0,2
3,45	0,21
3,5	0,16
3,44	0,18
3,41	0,2
3,41	0,16
3,41	0,2
3,38	0,16
3,34	0,16
3,38	0,18
3,34	0,16
3,3	0,15
3,39	0,15
3,32	0,18
3,24	0,16
3,3	0,19
3,21	0,16
3,28	0,18
3,23	0,15
3,25	0,18
3,21	0,15
3,14	0,15
3,23	0,2
3,23	0,17
3,11	0,15
3,18	0,16
3,22	0,13
3,09	0,16
3,12	0,17
3,1	0,14
3,12	0,18
3,11	0,18
3,18	0,15
3,16	0,11
2,99	0,15
3,06	0,14
3,12	0,13
3,03	0,18
3,03	0,18
3,02	0,17
3,01	0,17
2,97	0,16
2,9	0,15
2,95	0,16
2,97	0,17
2,96	0,17
2,91	0,15
2,94	0,16
2,91	0,13
2,89	0,16
2,88	0,17
2,87	0,13
2,85	0,16
2,84	0,17
2,78	0,14
2,86	0,15
2,81	0,15
2,8	0,15
2,8	0,15
2,81	0,16
2,8	0,16
2,77	0,17
2,74	0,15
2,75	0,17
2,73	0,17
2,69	0,14
2,71	0,17
2,76	0,14
2,68	0,15
2,7	0,13
2,64	0,14
2,62	0,14
2,62	0,17
2,62	0,16
2,61	0,18
2,61	0,17
2,66	0,13
2,56	0,18
2,57	0,21
2,56	0,18
2,5	0,13
2,53	0,16
2,52	0,16
2,5	0,19
2,42	0,15
2,43	0,14
2,48	0,12
2,48	0,13
2,45	0,19
2,42	0,17
2,43	0,14
2,42	0,13
2,4	0,18
2,38	0,16
2,32	0,14
2,36	0,14
2,34	0,16
2,34	0,13
2,33	0,16
2,33	0,17
2,3	0,17
2,34	0,17
2,28	0,14
2,28	0,14
2,26	0,16
2,25	0,19
2,23	0,15
2,22	0,16
2,2	0,15
2,2	0,14
2,27	0,13
2,19	0,17
2,15	0,15
2,23	0,14
2,14	0,17
2,14	0,16
2,12	0,16
2,11	0,14
2,08	0,16
2,03	0,16
2,07	0,16
2,11	0,16
2,06	0,17
2,04	0,14
1,97	0,15
1,97	0,15
1,99	0,15
  2	0,16
1,97	0,14
2,04	0,11
1,92	0,14
1,96	0,17
1,94	0,19
1,92	0,13
1,89	0,16
1,89	0,15
1,89	0,13
1,9	0,15
1,87	0,15
1,86	0,14
1,87	0,17
1,9	0,13
1,76	0,14
1,8	0,15
1,79	0,15
1,8	0,16
1,76	0,15
1,76	0,17
1,73	0,16
1,74	0,19
1,66	0,16
1,72	0,15
1,7	0,16
1,7	0,17
1,61	0,15
1,74	0,16
1,65	0,19
1,57	0,15
1,64	0,18
1,57	0,14
1,68	0,12
1,61	0,15
1,52	0,15
1,51	0,15
1,57	0,18
1,48	0,15
1,53	0,15
1,53	0,13
1,51	0,15
1,53	0,17
1,5	0,2
1,48	0,15
1,48	0,13
1,49	0,17
1,45	0,16
1,4	0,17
1,42	0,12
1,39	0,17
1,32	0,15
1,39	0,17
1,38	0,15
1,37	0,16
1,35	0,15
1,39	0,16
1,33	0,14
1,27	0,15
1,29	0,15
1,22	0,15
1,37	0,16
1,24	0,14
1,26	0,14
1,23	0,16
1,24	0,16
1,22	0,18
1,28	0,15
1,21	0,13
1,26	0,14
1,18	0,14
1,16	0,14
1,17	0,19
1,14	0,15
1,04	0,15
1,07	0,14
1,1	0,15
1,1	0,18
1,06	0,14
1,07	0,18
1,06	0,17
0,99	0,14
1,04	0,17
1,02	0,13
1,02	0,14
1,01	0,13
0,99	0,18
1,01	0,17
0,96	0,18
0,95	0,18
0,99	0,12
0,93	0,17
0,99	0,14
0,89	0,15
0,87	0,15
0,86	0,15
0,87	0,17
0,86	0,18
0,78	0,15
0,84	0,16
0,76	0,15
0,87	0,13
0,8	0,18
0,8	0,15
0,78	0,17
0,76	0,16
0,73	0,17
0,67	0,15
0,73	0,17
0,73	0,15
0,72	0,17
0,7	0,15
0,7	0,14
0,61	0,15
0,74	0,13
0,69	0,13
0,65	0,15
0,61	0,15
0,62	0,16
0,6	0,17
0,58	0,15
0,6	0,17
0,58	0,2
0,63	0,13
0,49	0,15
0,54	0,18
0,51	0,15
0,54	0,17
0,59	0,13
0,56	0,15
0,51	0,17
0,48	0,17
0,51	0,15
0,45	0,13
0,44	0,14
0,41	0,15
0,42	0,12
0,4	0,15
0,38	0,17
0,37	0,17
0,29	0,15
0,37	0,14
0,35	0,16
0,33	0,19
0,32	0,16
0,34	0,16
0,3	0,18
0,22	0,15
0,27	0,16
0,27	0,16
0,18	0,15
0,24	0,12
0,23	0,18
0,22	0,13
0,2	0,19
0,18	0,15
0,19	0,14
0,1	0,16
0,16	0,16
0,16	0,13
0,15	0,16
0,07	0,15
0,04	0,16
0,09	0,16
0,09	0,15
0,04	0,16
0,06	0,18
0,08	0,12
0,03	0,12
0,06	0,18
0,02	0,17
0,08	0,14
0,07	0,13
0,05	0,14
-0,03	0,15
