  0	  0
-0,07	0,13
-0,04	0,16
0,04	0,13
-0,04	0,13
-0,04	0,16
-0,11	0,16
0,06	0,13
0,02	0,14
0,02	0,13
-0,04	0,16
0,05	0,15
0,05	0,16
0,08	0,17
0,13	0,15
0,09	0,17
0,09	0,17
0,12	0,15
0,12	0,17
0,15	0,17
0,15	0,14
0,2	0,12
0,16	0,18
0,24	0,12
0,21	0,17
0,16	0,15
0,21	0,15
0,24	0,21
0,15	0,15
0,24	0,14
0,26	0,15
0,3	0,16
0,2	0,14
0,26	0,15
0,31	0,14
0,31	0,17
0,35	0,12
0,34	0,13
0,35	0,14
0,35	0,15
0,38	0,18
0,34	0,15
0,45	0,15
0,43	0,12
0,42	0,17
0,43	0,17
0,45	0,15
0,47	0,15
0,52	0,15
0,48	0,15
0,52	0,14
0,51	0,18
0,56	0,18
0,52	0,18
0,53	0,16
0,56	0,16
0,56	0,18
0,58	0,15
0,58	0,15
0,6	0,18
0,62	0,15
0,63	0,17
0,64	0,18
0,73	0,13
0,67	0,13
0,72	0,16
0,65	0,15
0,64	0,14
0,78	0,14
0,71	0,17
0,73	0,17
0,74	0,14
0,76	0,12
0,78	0,16
0,77	0,17
0,85	0,13
0,79	0,17
0,81	0,18
0,82	0,15
0,83	0,17
0,85	0,19
0,86	0,18
0,89	0,16
0,88	0,17
0,92	0,17
0,9	0,16
0,95	0,14
0,96	0,13
0,86	0,15
  1	0,12
1,03	0,15
0,98	0,14
0,92	0,15
1,01	0,11
0,99	0,19
1,03	0,15
1,03	0,16
1,05	0,19
1,06	0,19
1,07	0,17
1,08	0,16
1,06	0,15
1,12	0,12
1,12	0,14
1,12	0,17
1,22	0,12
1,17	0,17
1,23	0,14
1,18	0,16
1,17	0,17
1,21	0,12
1,2	0,16
1,17	0,16
1,23	0,17
1,2	0,14
1,23	0,15
1,21	0,14
1,27	0,17
1,29	0,15
1,31	0,14
1,39	0,13
1,4	0,13
1,33	0,13
1,35	0,17
1,39	0,16
1,39	0,17
1,31	0,15
1,45	0,12
1,48	0,13
1,35	0,16
1,5	0,16
1,44	0,13
1,44	0,14
1,46	0,16
1,46	0,16
1,49	0,19
1,51	0,19
1,45	0,14
1,58	0,14
1,54	0,2
1,54	0,15
1,61	0,12
1,5	0,14
1,59	0,16
1,59	0,19
1,57	0,15
1,62	0,16
1,72	0,13
1,66	0,17
1,67	0,16
1,71	0,15
1,68	0,19
1,69	0,17
1,69	0,17
1,73	0,12
1,73	0,19
1,78	0,15
1,74	0,17
1,73	0,13
1,76	0,16
1,76	0,14
1,8	0,13
1,86	0,15
1,83	0,17
1,83	0,15
1,85	0,17
1,92	0,14
1,86	0,13
1,89	0,17
1,89	0,15
1,87	0,17
1,93	0,17
1,92	0,16
  2	0,14
1,94	0,12
1,96	0,15
1,97	0,18
1,97	0,17
2,04	0,12
  2	0,18
1,98	0,19
2,04	0,18
2,04	0,18
2,04	0,17
2,03	0,16
2,01	0,14
2,16	0,14
2,09	0,13
2,11	0,15
2,12	0,17
2,11	0,15
2,14	0,16
2,16	0,12
2,1	0,15
2,26	0,13
2,17	0,13
2,2	0,17
2,23	0,17
2,23	0,12
2,28	0,14
2,24	0,15
2,25	0,16
2,25	0,14
2,34	0,13
2,32	0,17
2,29	0,18
2,36	0,16
2,4	0,14
2,42	0,11
2,36	0,17
2,36	0,14
2,37	0,17
2,35	0,15
2,47	0,13
2,41	0,16
2,48	0,15
2,51	0,11
2,41	0,17
2,45	0,13
2,43	0,14
2,42	0,14
2,55	0,16
2,45	0,14
2,52	0,13
2,52	0,15
2,55	0,13
2,52	0,14
2,59	0,16
2,61	0,12
2,66	0,14
2,59	0,15
2,53	0,15
2,62	0,13
2,64	0,13
2,66	0,13
2,64	0,18
2,66	0,17
2,76	0,14
2,69	0,15
2,71	0,19
2,63	0,15
2,73	0,14
2,75	0,13
2,74	0,14
2,76	0,17
2,83	0,15
2,78	0,15
2,74	0,16
2,8	0,15
2,81	0,18
2,83	0,14
2,83	0,15
2,84	0,14
2,83	0,14
2,86	0,17
2,89	0,16
2,9	0,16
2,95	0,16
2,92	0,15
2,92	0,15
2,96	0,17
2,87	0,15
2,98	0,18
2,97	0,17
2,98	0,16
2,98	0,15
2,94	0,16
3,1	0,14
3,03	0,21
3,14	0,15
3,06	0,2
3,14	0,17
3,11	0,18
3,09	0,16
3,09	0,17
3,13	0,18
3,08	0,15
3,19	0,17
3,14	0,2
3,16	0,17
3,23	0,18
3,15	0,16
3,25	0,15
3,22	0,2
3,15	0,17
3,23	0,19
3,26	0,2
3,25	0,21
3,25	0,21
3,27	0,2
3,31	0,17
3,3	0,17
3,31	0,19
3,27	0,19
3,34	0,21
3,28	0,2
3,36	0,2
3,36	0,23
3,38	0,19
3,33	0,21
3,41	0,24
3,42	0,25
3,42	0,24
3,45	0,25
3,45	0,24
3,39	0,24
3,48	0,22
3,49	0,23
3,53	0,27
3,52	0,24
3,51	0,29
3,46	0,27
3,49	0,27
3,56	0,29
3,56	0,3
3,58	0,3
3,58	0,32
3,52	0,3
3,6	0,31
3,61	0,32
3,63	0,33
3,7	0,33
3,72	0,32
3,59	0,32
3,7	0,3
3,68	0,37
3,7	0,36
3,7	0,34
3,72	0,34
3,75	0,32
3,75	0,35
3,75	0,37
3,78	0,38
3,77	0,38
3,81	0,36
3,8	0,37
3,81	0,38
3,8	0,35
3,92	0,37
3,89	0,38
3,87	0,37
3,88	0,38
3,89	0,36
3,91	0,35
3,9	0,38
3,93	0,38
3,94	0,42
3,97	0,35
3,97	0,39
3,9	0,35
3,97	0,38
3,99	0,39
3,99	0,4
4,03	0,38
4,08	0,38
4,03	0,38
4,02	0,38
4,06	0,38
4,08	0,38
4,15	0,38
4,1	0,37
4,08	0,37
4,12	0,37
4,08	0,38
4,21	0,39
4,17	0,36
4,19	0,41
4,19	0,38
4,22	0,38
4,19	0,38
4,23	0,41
4,24	0,38
4,25	0,4
4,29	0,39
4,27	0,38
4,22	0,38
4,29	0,37
4,36	0,39
4,33	0,39
4,37	0,39
4,35	0,38
4,38	0,39
4,41	0,39
4,36	0,38
4,44	0,39
4,39	0,36
4,47	0,39
4,44	0,38
4,42	0,36
4,47	0,38
4,45	0,41
4,45	0,39
4,47	0,37
4,47	0,39
4,5	0,36
4,57	0,39
4,51	0,38
4,52	0,36
4,55	0,36
4,57	0,42
4,55	0,4
4,55	0,38
4,52	0,38
4,58	0,39
4,59	0,36
4,58	0,38
4,58	0,39
4,55	0,4
4,61	0,39
4,5	0,41
4,5	0,39
4,49	0,39
4,44	0,38
4,44	0,38
4,43	0,38
4,38	0,38
4,44	0,38
4,44	0,35
4,41	0,39
4,46	0,39
4,38	0,4
4,38	0,38
4,33	0,39
4,35	0,38
4,27	0,38
4,38	0,39
4,3	0,4
4,31	0,37
4,28	0,39
4,28	0,38
4,27	0,38
4,24	0,39
4,19	0,38
4,22	0,39
4,19	0,38
4,21	0,39
4,23	0,38
4,18	0,38
4,22	0,39
4,18	0,38
4,12	0,38
4,15	0,37
4,08	0,38
4,12	0,41
4,05	0,37
4,02	0,37
4,12	0,39
4,01	0,38
4,06	0,37
4,03	0,38
4,02	0,38
4,06	0,38
4,02	0,37
4,01	0,37
3,99	0,36
3,99	0,37
3,96	0,39
3,96	0,37
3,94	0,38
3,85	0,37
3,96	0,38
3,89	0,37
3,99	0,38
3,85	0,37
3,88	0,37
3,86	0,37
3,81	0,37
3,86	0,37
3,83	0,42
3,81	0,38
3,74	0,36
3,79	0,38
3,79	0,38
3,7	0,36
3,77	0,39
3,82	0,37
3,73	0,35
3,77	0,37
3,7	0,35
3,65	0,36
3,68	0,35
3,67	0,36
3,64	0,35
3,67	0,35
3,69	0,35
3,64	0,35
3,67	0,32
3,6	0,34
3,59	0,32
3,61	0,31
3,61	0,34
3,55	0,32
3,59	0,33
3,49	0,31
3,53	0,28
3,49	0,31
3,49	0,32
3,47	0,29
3,49	0,33
3,48	0,29
3,44	0,3
3,36	0,27
3,44	0,27
3,39	0,26
3,4	0,3
3,39	0,26
3,37	0,25
3,36	0,25
3,37	0,29
3,34	0,24
3,34	0,24
3,3	0,23
3,3	0,24
3,23	0,22
3,28	0,23
3,23	0,21
3,27	0,22
3,25	0,21
3,25	0,21
3,25	0,2
3,24	0,2
3,27	0,18
3,2	0,17
3,24	0,17
3,17	0,19
3,13	0,17
3,14	0,2
3,16	0,2
3,1	0,17
3,16	0,16
3,11	0,16
3,08	0,17
3,11	0,19
3,08	0,18
2,99	0,16
3,05	0,2
3,04	0,19
3,02	0,15
2,95	0,15
3,03	0,14
  3	0,12
  3	0,19
2,97	0,17
2,97	0,14
2,94	0,17
2,91	0,15
2,98	0,14
2,91	0,18
2,9	0,2
2,85	0,16
2,86	0,16
2,89	0,19
2,79	0,14
2,9	0,15
2,83	0,16
2,79	0,14
2,8	0,13
2,78	0,17
2,75	0,14
2,77	0,15
2,73	0,15
2,74	0,15
2,77	0,13
2,73	0,17
2,72	0,17
2,7	0,15
2,76	0,15
2,75	0,14
2,67	0,14
2,63	0,14
2,63	0,16
2,71	0,13
2,58	0,16
2,67	0,13
2,59	0,16
2,62	0,13
2,6	0,17
2,56	0,16
2,56	0,18
2,55	0,16
2,47	0,15
2,52	0,19
2,58	0,13
2,5	0,14
2,48	0,18
2,55	0,16
2,39	0,14
2,44	0,15
2,45	0,17
2,42	0,17
2,49	0,13
2,39	0,15
2,4	0,13
2,37	0,18
2,3	0,14
2,39	0,17
2,35	0,14
2,33	0,17
2,32	0,18
2,27	0,16
2,27	0,14
2,28	0,15
2,34	0,14
2,31	0,16
2,25	0,13
2,29	0,15
2,21	0,17
2,2	0,15
2,19	0,19
2,19	0,12
2,25	0,16
2,17	0,17
2,15	0,19
2,14	0,14
2,12	0,13
2,14	0,17
2,11	0,16
2,09	0,15
2,09	0,18
2,09	0,17
2,05	0,16
2,06	0,15
2,03	0,15
2,03	0,13
1,96	0,16
2,08	0,13
1,98	0,15
1,94	0,14
2,01	0,16
1,96	0,14
1,93	0,16
1,93	0,18
1,92	0,15
1,87	0,17
1,9	0,16
1,87	0,15
1,91	0,16
1,86	0,17
1,84	0,17
1,87	0,16
1,8	0,14
1,82	0,17
1,85	0,19
1,79	0,16
1,78	0,17
1,7	0,15
1,74	0,14
1,8	0,15
1,7	0,16
1,73	0,15
1,78	0,12
1,7	0,19
1,76	0,17
1,66	0,15
1,66	0,16
1,73	0,13
1,64	0,17
1,56	0,15
1,54	0,16
1,61	0,13
1,6	0,15
1,57	0,16
1,57	0,16
1,6	0,17
1,54	0,15
1,53	0,15
1,6	0,13
1,55	0,18
1,49	0,17
1,51	0,13
1,48	0,17
1,53	0,13
1,44	0,16
1,44	0,17
1,43	0,17
1,42	0,16
1,42	0,16
1,43	0,17
1,35	0,14
1,39	0,17
1,45	0,1
1,39	0,16
1,34	0,15
1,39	0,16
1,33	0,11
1,27	0,14
1,3	0,12
1,29	0,12
1,26	0,2
1,25	0,17
1,32	0,12
1,23	0,18
1,21	0,17
1,21	0,14
1,19	0,17
1,18	0,13
1,18	0,16
1,18	0,16
1,14	0,15
1,15	0,16
1,1	0,14
1,18	0,12
1,03	0,15
1,09	0,15
1,08	0,15
1,06	0,16
1,06	0,19
1,06	0,13
1,04	0,16
0,99	0,14
1,03	0,17
1,06	0,15
0,98	0,15
1,06	0,13
0,96	0,15
0,98	0,17
0,95	0,14
0,99	0,12
0,86	0,15
0,92	0,17
0,83	0,16
0,95	0,12
0,88	0,17
0,9	0,15
0,84	0,15
0,84	0,16
0,85	0,17
0,82	0,13
0,81	0,15
0,79	0,15
0,8	0,17
0,76	0,15
0,82	0,14
0,82	0,13
0,73	0,15
0,72	0,14
0,75	0,16
0,69	0,13
0,63	0,15
0,68	0,13
0,6	0,15
0,63	0,17
0,64	0,12
0,7	0,14
0,55	0,16
0,69	0,14
0,6	0,19
0,59	0,19
0,55	0,15
0,48	0,15
0,55	0,14
0,54	0,2
0,61	0,13
0,48	0,15
0,5	0,16
0,47	0,15
0,49	0,14
0,48	0,13
0,46	0,12
0,45	0,17
0,51	0,14
0,4	0,16
0,39	0,16
0,47	0,13
0,41	0,14
0,39	0,16
0,32	0,14
0,35	0,18
0,34	0,13
0,37	0,16
0,31	0,15
0,31	0,15
0,3	0,18
0,3	0,17
0,29	0,16
0,28	0,16
0,26	0,15
0,24	0,17
0,29	0,14
0,24	0,17
0,2	0,16
0,2	0,16
0,2	0,17
0,16	0,15
0,16	0,14
0,13	0,13
0,09	0,15
0,12	0,14
0,12	0,19
0,1	0,18
0,03	0,16
0,09	0,16
0,03	0,15
0,12	0,14
0,05	0,14
0,04	0,16
-0,04	0,15
-0,02	0,15
-0,03	0,17
-0,01	0,13
-0,02	0,19
