  0	  0
-0,11	0,15
-0,03	0,14
0,04	0,14
0,05	0,15
-0,03	0,12
-0,02	0,17
-0,04	0,13
0,01	0,19
0,03	0,12
0,04	0,2
0,05	0,17
0,07	0,19
0,07	0,16
0,09	0,18
0,11	0,16
0,11	0,12
0,12	0,16
0,15	0,12
0,13	0,17
0,14	0,17
0,16	0,16
0,17	0,19
0,19	0,19
0,21	0,17
0,14	0,15
0,22	0,16
0,23	0,16
0,24	0,16
0,24	0,15
0,22	0,14
0,29	0,14
0,29	0,15
0,31	0,14
0,32	0,16
0,27	0,15
0,3	0,15
0,31	0,15
0,42	0,12
0,38	0,13
0,38	0,13
0,36	0,16
0,4	0,17
0,43	0,17
0,44	0,14
0,45	0,16
0,46	0,16
0,48	0,19
0,47	0,17
0,48	0,15
0,52	0,17
0,5	0,15
0,52	0,17
0,51	0,17
0,48	0,15
0,57	0,12
0,61	0,12
0,59	0,18
0,6	0,16
0,6	0,18
0,65	0,16
0,63	0,17
0,73	0,12
0,63	0,15
0,67	0,17
0,67	0,15
0,7	0,17
0,69	0,15
0,71	0,16
0,73	0,15
0,75	0,17
0,74	0,17
0,79	0,15
0,76	0,14
0,78	0,18
0,79	0,17
0,77	0,15
0,87	0,15
0,82	0,17
0,83	0,15
0,92	0,14
0,86	0,14
0,89	0,16
0,96	0,15
0,95	0,16
0,84	0,14
0,92	0,16
0,93	0,18
0,95	0,16
0,95	0,19
1,04	0,14
0,98	0,14
0,99	0,19
0,93	0,15
1,09	0,13
1,03	0,18
1,04	0,12
1,07	0,17
0,98	0,15
1,01	0,15
1,09	0,13
1,1	0,16
1,11	0,16
1,11	0,17
1,18	0,14
1,09	0,15
1,12	0,15
1,16	0,15
1,25	0,13
1,18	0,18
1,2	0,14
1,21	0,18
1,21	0,17
1,22	0,17
1,23	0,17
1,25	0,16
1,26	0,15
1,29	0,17
1,29	0,14
1,3	0,17
1,31	0,14
1,32	0,18
1,34	0,13
1,35	0,18
1,37	0,17
1,37	0,15
1,46	0,12
1,4	0,17
1,42	0,17
1,43	0,19
1,42	0,17
1,48	0,15
1,45	0,15
1,39	0,16
1,49	0,16
1,5	0,13
1,51	0,17
1,51	0,18
1,53	0,13
1,48	0,13
1,53	0,14
1,52	0,14
1,59	0,17
1,57	0,17
1,59	0,16
1,58	0,15
1,61	0,14
1,55	0,15
1,68	0,15
1,65	0,17
1,64	0,15
1,68	0,14
1,69	0,13
1,76	0,14
1,72	0,16
1,72	0,17
1,74	0,19
1,75	0,19
1,78	0,17
1,81	0,14
1,78	0,13
1,8	0,2
1,81	0,19
1,75	0,15
1,82	0,13
1,84	0,18
1,84	0,16
1,86	0,18
1,87	0,16
1,87	0,16
1,91	0,17
1,9	0,16
1,92	0,17
1,93	0,13
1,87	0,15
1,95	0,17
1,97	0,12
1,98	0,17
  2	0,18
2,07	0,15
2,01	0,14
1,95	0,15
2,06	0,17
2,04	0,15
2,04	0,18
2,05	0,15
2,08	0,18
2,06	0,14
2,11	0,15
2,07	0,14
2,14	0,17
2,11	0,14
2,15	0,18
2,08	0,14
2,18	0,19
2,19	0,18
2,17	0,15
2,12	0,15
2,15	0,15
2,24	0,14
2,27	0,17
2,26	0,12
2,27	0,15
2,24	0,14
2,28	0,15
2,3	0,13
2,29	0,14
2,35	0,17
2,34	0,16
2,34	0,17
2,37	0,19
2,38	0,19
2,4	0,12
2,4	0,17
2,34	0,15
2,42	0,17
2,35	0,15
2,42	0,15
2,47	0,17
2,47	0,13
2,51	0,15
2,5	0,17
2,51	0,14
2,54	0,18
2,48	0,14
2,55	0,19
2,56	0,17
2,58	0,17
2,59	0,17
2,58	0,18
2,59	0,18
2,55	0,15
2,62	0,19
2,62	0,13
2,58	0,15
2,66	0,16
2,74	0,14
2,68	0,18
2,69	0,17
2,62	0,14
2,66	0,17
2,74	0,18
2,75	0,17
2,73	0,15
2,69	0,16
2,75	0,18
2,75	0,17
2,79	0,21
2,73	0,19
2,81	0,15
2,82	0,19
2,82	0,21
2,84	0,21
2,88	0,22
2,88	0,16
2,87	0,21
2,89	0,19
2,95	0,21
2,98	0,21
2,91	0,2
2,91	0,2
2,94	0,21
2,98	0,24
2,98	0,19
2,97	0,22
2,99	0,23
  3	0,23
3,06	0,24
3,08	0,25
3,06	0,25
3,03	0,24
  3	0,24
3,08	0,24
3,07	0,26
3,1	0,26
3,13	0,27
3,18	0,28
3,14	0,26
3,16	0,31
3,17	0,32
3,18	0,26
3,1	0,29
3,19	0,3
3,27	0,3
3,22	0,31
3,22	0,29
3,2	0,31
3,31	0,33
3,22	0,32
3,3	0,33
3,22	0,33
3,27	0,33
3,32	0,34
3,38	0,34
3,39	0,35
3,39	0,36
3,37	0,35
3,29	0,34
3,4	0,34
3,35	0,37
3,41	0,35
3,41	0,38
3,43	0,34
3,43	0,35
3,45	0,36
3,47	0,34
3,53	0,38
3,41	0,36
3,48	0,37
3,5	0,37
3,53	0,35
3,61	0,38
3,47	0,37
3,48	0,37
3,56	0,35
3,5	0,37
3,52	0,37
3,61	0,41
3,61	0,38
3,61	0,4
3,59	0,37
3,63	0,39
3,66	0,38
3,66	0,39
3,68	0,35
3,7	0,38
3,72	0,35
3,83	0,39
3,73	0,37
3,75	0,37
3,74	0,38
3,74	0,38
3,77	0,38
3,8	0,42
3,78	0,39
3,8	0,38
3,83	0,41
3,9	0,39
3,84	0,38
3,74	0,37
3,94	0,38
3,9	0,38
3,85	0,38
3,92	0,4
3,91	0,4
3,97	0,39
3,94	0,4
3,95	0,39
3,96	0,38
3,98	0,41
3,99	0,39
4,01	0,41
4,02	0,38
4,01	0,38
3,97	0,38
4,05	0,39
4,01	0,38
4,05	0,38
4,08	0,36
4,08	0,39
4,17	0,39
4,13	0,39
4,09	0,38
4,2	0,38
4,07	0,38
4,13	0,38
4,17	0,39
4,19	0,38
4,2	0,38
4,2	0,4
4,14	0,38
4,22	0,4
4,25	0,38
4,28	0,39
4,26	0,39
4,27	0,39
4,28	0,4
4,3	0,38
4,31	0,4
4,39	0,39
4,32	0,38
4,3	0,38
4,38	0,38
4,39	0,39
4,44	0,39
4,44	0,39
4,46	0,39
4,41	0,39
4,41	0,4
4,45	0,39
4,46	0,42
4,46	0,39
4,46	0,41
4,52	0,38
4,46	0,39
4,51	0,38
4,45	0,38
4,5	0,41
4,55	0,39
4,54	0,39
4,56	0,38
4,57	0,39
4,67	0,39
4,59	0,36
4,59	0,38
4,58	0,38
4,62	0,39
4,58	0,38
4,57	0,38
4,5	0,39
4,5	0,41
4,47	0,39
4,52	0,39
4,43	0,39
4,44	0,39
4,45	0,37
4,35	0,38
4,43	0,41
4,33	0,38
4,39	0,39
4,41	0,37
4,36	0,38
4,36	0,36
4,35	0,38
4,33	0,39
4,3	0,39
4,32	0,35
4,3	0,38
4,29	0,42
4,2	0,37
4,27	0,38
4,27	0,39
4,26	0,38
4,22	0,38
4,22	0,4
4,22	0,39
4,2	0,38
4,23	0,39
4,19	0,36
4,17	0,37
4,13	0,38
4,06	0,38
4,14	0,42
4,04	0,38
4,1	0,4
4,08	0,39
4,08	0,39
4,07	0,38
4,11	0,38
4,03	0,4
3,99	0,38
  4	0,39
4,1	0,39
4,01	0,38
3,99	0,36
3,97	0,38
4,02	0,39
4,02	0,39
3,94	0,42
3,94	0,38
3,89	0,38
3,95	0,38
3,88	0,39
3,89	0,4
3,88	0,41
3,85	0,39
3,8	0,38
3,83	0,36
3,8	0,38
3,8	0,4
3,8	0,38
3,77	0,38
3,78	0,41
3,77	0,4
3,69	0,38
3,77	0,39
3,73	0,38
3,72	0,36
3,7	0,39
3,7	0,37
3,67	0,38
3,67	0,36
3,66	0,38
3,72	0,39
3,63	0,38
3,55	0,37
3,6	0,38
3,63	0,38
3,6	0,37
3,58	0,35
3,61	0,39
3,49	0,37
3,58	0,38
3,52	0,37
3,55	0,38
3,49	0,38
3,5	0,37
3,59	0,38
3,48	0,39
3,46	0,42
3,47	0,36
3,43	0,36
3,44	0,35
3,44	0,37
3,39	0,37
3,39	0,35
3,38	0,36
3,39	0,38
3,36	0,35
3,36	0,34
3,34	0,33
3,31	0,37
3,33	0,33
3,3	0,36
3,28	0,36
3,28	0,36
3,25	0,36
3,25	0,35
3,23	0,35
3,25	0,34
3,23	0,32
3,29	0,34
3,19	0,31
3,19	0,33
3,2	0,33
3,17	0,36
3,16	0,29
3,03	0,31
3,13	0,29
3,12	0,33
3,09	0,31
3,08	0,32
3,08	0,3
3,08	0,29
3,06	0,25
3,08	0,27
3,05	0,27
3,09	0,27
  3	0,25
2,95	0,26
  3	0,29
2,95	0,25
2,97	0,23
2,92	0,21
2,94	0,24
2,97	0,24
  3	0,23
2,94	0,21
2,9	0,26
2,88	0,25
2,86	0,21
2,86	0,23
2,87	0,22
2,84	0,23
2,79	0,19
2,81	0,17
2,76	0,17
2,72	0,19
2,78	0,23
2,76	0,19
2,7	0,17
2,75	0,19
2,73	0,19
2,66	0,18
2,65	0,18
2,69	0,17
2,69	0,19
2,68	0,18
2,67	0,14
2,59	0,16
2,65	0,17
2,62	0,17
2,64	0,14
2,61	0,16
2,59	0,18
2,59	0,2
2,56	0,16
2,55	0,16
2,58	0,14
2,55	0,18
2,51	0,16
2,51	0,17
2,56	0,15
2,53	0,17
2,53	0,16
2,47	0,19
2,39	0,14
2,51	0,14
2,43	0,17
2,41	0,15
2,38	0,14
2,39	0,15
2,39	0,15
2,38	0,13
2,37	0,13
2,37	0,13
2,32	0,16
2,33	0,15
2,28	0,15
2,31	0,16
2,23	0,15
2,28	0,18
2,27	0,15
2,25	0,15
2,28	0,14
2,23	0,16
2,18	0,14
2,14	0,15
2,2	0,17
2,19	0,15
2,23	0,15
2,17	0,16
2,13	0,14
2,19	0,13
2,12	0,17
2,08	0,16
2,11	0,16
2,11	0,17
2,01	0,15
2,07	0,17
2,11	0,14
2,04	0,17
2,03	0,15
2,04	0,17
2,04	0,15
1,93	0,15
1,98	0,18
1,94	0,14
1,97	0,17
1,93	0,15
1,97	0,17
1,98	0,15
1,93	0,18
1,95	0,14
1,97	0,14
1,87	0,13
1,88	0,12
1,86	0,19
1,92	0,1
1,84	0,13
1,81	0,17
1,77	0,16
1,77	0,16
1,78	0,17
1,79	0,18
1,75	0,15
1,75	0,17
1,75	0,16
1,74	0,16
1,73	0,16
1,64	0,15
1,77	0,16
1,68	0,16
1,67	0,18
1,66	0,15
1,7	0,16
1,62	0,15
1,62	0,16
1,58	0,14
1,67	0,14
1,55	0,14
1,59	0,16
1,57	0,18
1,56	0,17
1,55	0,18
1,54	0,15
1,53	0,14
1,53	0,17
1,53	0,15
1,5	0,17
1,49	0,13
1,47	0,17
1,5	0,15
1,45	0,17
1,43	0,16
1,42	0,19
1,42	0,13
1,35	0,14
1,39	0,14
1,4	0,15
1,37	0,17
1,43	0,13
1,34	0,15
1,32	0,17
1,29	0,14
1,28	0,16
1,29	0,14
1,28	0,16
1,35	0,13
1,25	0,18
1,25	0,16
1,23	0,17
1,17	0,14
1,21	0,16
1,14	0,14
1,2	0,18
1,12	0,15
1,12	0,16
1,1	0,15
1,17	0,13
1,07	0,14
1,12	0,16
1,12	0,15
1,09	0,17
1,09	0,14
1,14	0,13
1,07	0,15
1,05	0,19
1,04	0,18
1,03	0,13
1,02	0,14
1,01	0,15
0,96	0,15
0,97	0,13
0,97	0,13
0,94	0,18
0,93	0,16
0,9	0,14
0,89	0,13
0,89	0,16
0,96	0,17
0,88	0,15
0,87	0,15
0,87	0,15
0,87	0,16
0,84	0,17
0,84	0,16
0,82	0,19
0,79	0,16
0,78	0,17
0,78	0,15
0,78	0,2
0,82	0,15
0,75	0,14
0,74	0,17
0,71	0,18
0,72	0,16
0,7	0,13
0,69	0,17
0,68	0,18
0,68	0,16
0,65	0,19
0,63	0,15
0,69	0,13
0,63	0,19
0,69	0,13
0,59	0,16
0,59	0,19
0,63	0,16
0,56	0,17
0,51	0,14
0,48	0,15
0,56	0,15
0,51	0,13
0,48	0,16
0,49	0,15
0,43	0,15
0,52	0,14
0,44	0,19
0,43	0,17
0,42	0,15
0,37	0,16
0,45	0,12
0,4	0,13
0,39	0,14
0,4	0,17
0,42	0,15
0,37	0,16
0,34	0,16
0,41	0,12
0,34	0,17
0,35	0,16
0,3	0,14
0,31	0,12
0,2	0,15
0,24	0,15
0,28	0,13
0,22	0,13
0,23	0,13
0,2	0,17
0,13	0,15
0,23	0,17
0,19	0,15
0,16	0,18
0,15	0,13
0,1	0,15
0,11	0,15
0,13	0,19
0,13	0,18
0,17	0,17
0,09	0,18
0,02	0,15
0,06	0,16
0,04	0,15
0,04	0,16
  0	0,15
0,07	0,16
0,01	0,12
0,07	0,13
-0,01	0,19
-0,03	0,18
