  0	  0
-0,11	0,15
-0,04	0,16
-0,04	0,13
-0,02	0,12
-0,03	0,13
-0,1	0,15
0,05	0,14
-0,03	0,15
0,09	0,13
0,03	0,16
0,05	0,13
0,07	0,16
0,04	0,16
0,09	0,16
0,04	0,16
0,07	0,17
0,13	0,16
0,2	0,12
0,07	0,15
0,15	0,16
0,17	0,16
0,16	0,15
0,18	0,13
0,27	0,13
0,2	0,15
0,15	0,15
0,23	0,18
0,16	0,15
0,31	0,15
0,27	0,17
0,26	0,16
0,21	0,15
0,31	0,18
0,3	0,16
0,3	0,19
0,33	0,13
0,34	0,15
0,36	0,12
0,38	0,17
0,39	0,17
0,42	0,17
0,41	0,2
0,46	0,19
0,45	0,17
0,45	0,13
0,46	0,16
0,54	0,13
0,46	0,18
0,42	0,15
0,51	0,16
0,44	0,16
0,46	0,16
0,54	0,15
0,5	0,13
0,55	0,17
0,57	0,18
0,59	0,12
0,63	0,17
0,6	0,15
0,61	0,17
0,62	0,19
0,64	0,12
0,63	0,16
0,67	0,17
0,62	0,14
0,68	0,14
0,71	0,16
0,76	0,13
0,74	0,19
0,73	0,17
0,76	0,16
0,79	0,13
0,73	0,15
0,78	0,14
0,84	0,12
0,8	0,17
0,8	0,15
0,85	0,17
0,78	0,15
0,85	0,19
0,93	0,12
0,88	0,16
0,88	0,18
0,97	0,12
0,9	0,18
0,91	0,16
1,01	0,16
0,94	0,16
0,96	0,16
0,97	0,16
0,99	0,17
0,97	0,16
0,96	0,14
1,03	0,17
1,04	0,16
1,03	0,17
1,04	0,18
1,01	0,14
  1	0,15
1,12	0,12
1,03	0,15
1,12	0,17
1,23	0,14
1,14	0,17
1,08	0,15
1,15	0,17
1,09	0,15
1,12	0,16
1,18	0,18
1,2	0,16
1,21	0,18
1,23	0,17
1,17	0,15
1,24	0,13
1,23	0,19
1,26	0,15
1,28	0,13
1,34	0,17
1,31	0,13
1,31	0,15
1,26	0,14
1,33	0,18
1,31	0,15
1,39	0,15
1,34	0,15
1,37	0,15
1,4	0,19
1,4	0,17
1,35	0,15
1,38	0,14
1,44	0,14
1,46	0,17
1,48	0,12
1,49	0,19
1,53	0,16
1,5	0,16
1,53	0,18
1,48	0,14
1,53	0,15
1,55	0,16
1,55	0,16
1,64	0,13
1,65	0,14
1,58	0,15
1,61	0,12
1,61	0,12
1,55	0,15
1,64	0,16
1,65	0,15
1,67	0,18
1,63	0,16
1,65	0,14
1,64	0,18
1,7	0,18
1,73	0,16
1,74	0,16
1,74	0,14
1,68	0,15
1,81	0,16
1,78	0,18
1,82	0,16
1,81	0,15
1,88	0,13
1,76	0,16
1,91	0,17
1,93	0,1
1,92	0,12
1,93	0,17
1,89	0,18
1,87	0,13
1,9	0,15
1,91	0,17
1,89	0,15
1,92	0,18
1,88	0,17
1,94	0,17
1,92	0,14
1,93	0,15
  2	0,17
2,01	0,18
2,03	0,15
1,97	0,15
2,06	0,19
2,04	0,18
2,06	0,16
2,09	0,17
2,1	0,2
2,17	0,16
2,18	0,14
2,12	0,18
2,12	0,17
2,14	0,17
2,17	0,18
2,2	0,13
2,19	0,16
2,27	0,17
2,21	0,15
2,22	0,15
2,24	0,18
2,23	0,15
2,25	0,19
2,26	0,19
2,2	0,17
2,37	0,08
2,23	0,15
2,25	0,16
2,32	0,17
2,33	0,19
2,34	0,19
2,37	0,16
2,27	0,16
2,37	0,17
2,39	0,18
2,4	0,19
2,46	0,17
2,44	0,18
2,44	0,16
2,47	0,2
2,47	0,17
2,39	0,17
2,49	0,19
2,49	0,16
2,44	0,16
2,54	0,17
2,53	0,18
2,55	0,19
2,56	0,17
2,58	0,16
2,57	0,21
2,61	0,22
2,68	0,21
2,61	0,21
2,64	0,19
2,64	0,22
2,64	0,21
2,66	0,22
2,59	0,21
2,66	0,2
2,69	0,24
2,72	0,21
2,7	0,26
2,75	0,25
2,69	0,23
2,76	0,28
2,76	0,25
2,76	0,28
2,81	0,28
2,78	0,27
2,75	0,26
2,83	0,3
2,84	0,28
2,84	0,29
2,85	0,3
2,79	0,29
2,87	0,29
2,91	0,3
2,92	0,31
2,92	0,33
2,95	0,35
2,96	0,3
2,95	0,36
3,02	0,32
2,96	0,33
2,95	0,34
  3	0,33
  3	0,31
3,02	0,38
3,05	0,36
  3	0,34
3,15	0,35
3,06	0,34
3,09	0,37
3,08	0,36
3,03	0,35
3,18	0,37
3,12	0,4
3,16	0,37
3,2	0,38
3,17	0,39
3,16	0,37
3,19	0,39
3,11	0,36
3,22	0,35
3,31	0,37
3,26	0,38
3,17	0,38
3,17	0,36
3,25	0,39
3,27	0,38
3,3	0,33
3,29	0,4
3,3	0,36
3,33	0,35
3,33	0,38
3,35	0,39
3,34	0,36
3,33	0,38
3,36	0,38
3,41	0,36
3,36	0,38
3,41	0,4
3,41	0,4
3,42	0,39
3,45	0,37
3,45	0,39
3,44	0,38
3,48	0,39
3,44	0,36
3,5	0,41
3,59	0,36
3,53	0,39
3,53	0,42
3,64	0,38
3,57	0,39
3,56	0,4
3,59	0,43
3,64	0,39
3,59	0,38
3,65	0,39
3,63	0,4
3,64	0,35
3,67	0,36
3,58	0,36
3,71	0,38
3,7	0,38
3,69	0,4
3,71	0,37
3,72	0,4
3,73	0,37
3,75	0,37
3,77	0,38
3,74	0,39
3,79	0,37
3,8	0,39
3,8	0,39
3,82	0,38
3,89	0,38
3,78	0,38
3,78	0,37
3,86	0,37
3,9	0,39
3,89	0,38
3,9	0,38
3,91	0,38
3,9	0,39
3,87	0,38
3,94	0,4
3,96	0,36
3,97	0,37
  4	0,37
3,99	0,39
3,94	0,38
4,05	0,39
4,02	0,41
4,1	0,39
4,03	0,38
4,14	0,39
4,07	0,39
4,1	0,42
4,12	0,39
4,04	0,38
4,12	0,39
4,16	0,36
4,16	0,38
4,16	0,35
4,18	0,41
4,19	0,4
4,21	0,38
4,16	0,37
4,21	0,36
4,21	0,39
4,22	0,37
4,26	0,43
4,25	0,42
4,27	0,39
4,22	0,38
4,38	0,39
4,31	0,39
4,32	0,42
4,34	0,4
4,33	0,39
4,28	0,38
4,38	0,36
4,39	0,34
4,4	0,36
4,36	0,38
4,4	0,36
4,38	0,38
4,36	0,39
4,44	0,39
4,44	0,4
4,47	0,36
4,52	0,39
4,5	0,37
4,52	0,36
4,53	0,39
4,53	0,39
4,55	0,36
4,49	0,37
4,57	0,41
4,58	0,38
4,62	0,37
4,56	0,39
4,6	0,39
4,64	0,39
4,65	0,39
4,57	0,37
4,52	0,39
4,49	0,38
4,5	0,38
4,48	0,37
4,39	0,38
4,43	0,4
4,43	0,4
4,5	0,39
4,41	0,4
4,43	0,38
4,49	0,39
4,41	0,36
4,4	0,43
4,38	0,36
4,41	0,36
4,36	0,35
4,35	0,37
4,32	0,39
4,24	0,38
4,3	0,36
4,29	0,38
4,28	0,41
4,19	0,38
4,26	0,42
4,26	0,37
4,17	0,38
4,22	0,38
4,21	0,42
4,19	0,39
4,14	0,38
4,12	0,38
4,23	0,4
4,17	0,39
4,13	0,39
4,14	0,39
4,13	0,37
4,14	0,38
4,14	0,36
4,1	0,4
4,12	0,38
4,01	0,39
4,03	0,42
4,08	0,4
4,1	0,37
4,02	0,38
  4	0,4
3,97	0,41
3,96	0,39
4,04	0,4
4,02	0,39
3,91	0,4
3,92	0,39
3,88	0,37
3,91	0,36
3,89	0,41
3,88	0,37
3,89	0,4
3,85	0,36
3,83	0,37
3,83	0,39
3,84	0,32
3,79	0,44
3,78	0,39
3,73	0,44
3,79	0,37
3,75	0,38
3,76	0,38
3,74	0,44
3,78	0,4
3,73	0,4
3,74	0,39
3,7	0,41
3,67	0,38
3,74	0,41
3,58	0,4
3,68	0,42
3,63	0,39
3,56	0,4
3,61	0,39
3,53	0,39
3,61	0,36
3,56	0,41
3,55	0,35
3,55	0,37
3,56	0,38
3,54	0,37
3,52	0,34
3,49	0,4
3,5	0,39
3,49	0,42
3,49	0,39
3,45	0,35
3,44	0,38
3,45	0,4
3,42	0,38
3,49	0,4
3,42	0,43
3,39	0,35
3,38	0,4
3,33	0,42
3,34	0,35
3,34	0,39
3,41	0,37
3,32	0,41
3,31	0,4
3,22	0,36
3,25	0,36
3,28	0,34
3,23	0,37
3,25	0,37
3,29	0,38
3,23	0,41
3,22	0,38
3,29	0,39
3,19	0,38
3,24	0,38
3,14	0,37
3,17	0,37
3,16	0,38
3,21	0,39
3,16	0,38
3,11	0,37
3,18	0,38
3,16	0,39
3,09	0,35
3,05	0,37
3,06	0,35
3,02	0,37
3,06	0,37
3,04	0,36
3,02	0,34
  3	0,37
3,07	0,36
  3	0,36
2,95	0,36
3,02	0,37
2,97	0,37
2,94	0,36
2,94	0,35
2,91	0,35
2,89	0,36
2,87	0,37
2,94	0,35
2,87	0,34
2,84	0,34
2,81	0,33
2,84	0,29
2,81	0,37
2,79	0,32
2,79	0,31
2,78	0,28
2,74	0,31
2,73	0,3
2,76	0,31
2,67	0,29
2,71	0,27
2,73	0,29
2,69	0,29
2,72	0,28
2,66	0,27
2,66	0,28
2,66	0,25
2,64	0,25
2,64	0,26
2,61	0,24
2,6	0,26
2,59	0,22
2,58	0,23
2,56	0,22
2,56	0,24
2,53	0,25
2,53	0,23
2,46	0,2
2,56	0,24
2,51	0,19
2,48	0,24
2,44	0,2
2,51	0,18
2,46	0,21
2,37	0,18
2,44	0,16
2,48	0,18
2,37	0,18
2,4	0,19
2,42	0,16
2,45	0,17
2,36	0,18
2,36	0,16
2,31	0,18
2,33	0,17
2,32	0,16
2,23	0,17
2,29	0,14
2,19	0,17
2,25	0,18
2,31	0,16
2,2	0,16
2,26	0,2
2,23	0,14
2,25	0,16
2,2	0,2
2,19	0,18
2,19	0,13
2,17	0,18
2,14	0,16
2,11	0,15
2,12	0,16
2,12	0,18
2,11	0,15
2,03	0,14
2,09	0,18
2,08	0,2
2,06	0,19
2,06	0,14
2,03	0,2
2,04	0,17
2,01	0,15
  2	0,15
1,92	0,15
1,97	0,17
1,97	0,11
1,95	0,14
1,94	0,13
1,98	0,15
1,92	0,09
1,86	0,17
1,82	0,13
1,89	0,19
1,85	0,14
1,85	0,19
1,84	0,16
1,92	0,21
1,83	0,22
1,81	0,18
1,73	0,14
1,87	0,11
1,75	0,13
1,76	0,19
1,76	0,15
1,75	0,17
1,75	0,13
1,76	0,15
1,7	0,15
1,67	0,15
1,67	0,15
1,75	0,13
1,67	0,14
1,64	0,14
1,64	0,17
1,56	0,16
1,62	0,11
1,59	0,16
1,66	0,17
1,61	0,13
1,56	0,18
1,64	0,11
1,54	0,17
1,53	0,13
1,52	0,18
1,53	0,12
1,4	0,14
1,51	0,17
1,4	0,15
1,46	0,15
1,46	0,12
1,45	0,18
1,43	0,17
1,43	0,13
1,48	0,14
1,38	0,14
1,41	0,12
1,39	0,17
1,42	0,13
1,37	0,17
1,35	0,17
1,39	0,14
1,4	0,09
1,23	0,15
1,29	0,14
1,28	0,17
1,26	0,18
1,26	0,18
1,25	0,16
1,23	0,18
1,18	0,15
1,21	0,19
1,19	0,18
1,2	0,11
1,17	0,17
1,09	0,15
1,14	0,15
1,17	0,16
1,12	0,19
1,12	0,14
1,05	0,15
1,14	0,13
1,16	0,16
1,07	0,17
1,11	0,18
1,06	0,17
1,05	0,16
1,03	0,13
1,02	0,18
0,92	0,15
0,99	0,19
0,95	0,15
0,97	0,19
0,96	0,18
0,97	0,16
0,92	0,16
0,99	0,13
0,92	0,16
0,9	0,13
0,89	0,17
0,85	0,16
0,86	0,16
0,86	0,15
0,82	0,15
0,85	0,18
0,79	0,17
0,81	0,18
0,87	0,1
0,78	0,15
0,78	0,13
0,7	0,14
0,76	0,18
0,73	0,16
0,73	0,17
0,71	0,22
0,69	0,19
0,68	0,16
0,68	0,18
0,65	0,17
0,7	0,16
0,69	0,13
0,63	0,17
0,6	0,15
0,61	0,16
0,6	0,14
0,58	0,19
0,59	0,14
0,54	0,14
0,58	0,15
0,54	0,16
0,52	0,13
0,51	0,15
0,46	0,15
0,46	0,15
0,48	0,18
0,4	0,15
0,46	0,15
0,43	0,16
0,42	0,16
0,43	0,17
0,38	0,15
0,39	0,15
0,39	0,15
0,42	0,16
0,33	0,15
0,35	0,17
0,34	0,18
0,32	0,15
0,32	0,19
0,3	0,2
0,26	0,13
0,29	0,18
0,21	0,15
0,25	0,18
0,28	0,16
0,24	0,13
0,23	0,16
0,3	0,13
0,19	0,16
0,2	0,14
0,18	0,12
0,12	0,16
0,18	0,17
0,13	0,15
0,15	0,16
0,11	0,18
0,07	0,14
0,04	0,16
0,02	0,15
0,06	0,16
0,05	0,15
0,12	0,15
0,05	0,18
0,02	0,18
-0,05	0,16
0,01	0,16
0,01	0,13
-0,02	0,18
-0,03	0,17
