  0	  0
-0,01	0,17
-0,05	0,18
-0,03	0,16
-0,04	0,18
-0,04	0,14
-0,09	0,16
-0,01	0,12
-0,01	0,18
-0,04	0,16
0,03	0,14
0,1	0,14
0,1	0,16
0,01	0,15
0,04	0,16
0,18	0,13
0,16	0,15
0,09	0,15
0,1	0,15
0,13	0,19
0,13	0,15
0,09	0,15
0,16	0,17
0,22	0,15
0,21	0,12
0,13	0,15
0,24	0,15
0,23	0,15
0,24	0,16
0,24	0,17
0,33	0,12
0,31	0,17
0,23	0,15
0,33	0,15
0,29	0,16
0,31	0,17
0,32	0,15
0,37	0,12
0,37	0,15
0,38	0,16
0,38	0,18
0,38	0,15
0,44	0,12
0,41	0,16
0,43	0,11
0,45	0,17
0,53	0,13
0,48	0,17
0,54	0,16
0,55	0,13
0,44	0,15
0,5	0,17
0,52	0,13
0,64	0,13
0,53	0,17
0,56	0,16
0,63	0,11
0,57	0,17
0,62	0,18
0,6	0,15
0,56	0,14
0,63	0,18
0,65	0,12
0,68	0,17
0,66	0,18
0,62	0,15
0,68	0,18
0,68	0,17
0,7	0,14
0,73	0,12
0,72	0,18
0,82	0,13
0,73	0,16
0,77	0,16
0,77	0,15
0,79	0,13
0,79	0,15
0,83	0,17
0,82	0,15
0,84	0,15
0,82	0,15
0,85	0,16
0,87	0,15
0,88	0,18
0,9	0,16
0,91	0,15
0,92	0,16
0,93	0,2
0,96	0,17
0,95	0,14
0,96	0,15
0,98	0,13
1,04	0,15
0,99	0,17
1,09	0,14
1,02	0,15
1,04	0,14
1,01	0,19
1,06	0,17
1,04	0,15
1,08	0,13
1,08	0,18
1,03	0,15
1,05	0,15
1,09	0,14
1,14	0,16
1,14	0,18
1,17	0,17
1,17	0,13
1,17	0,15
1,21	0,18
1,2	0,13
1,22	0,16
1,18	0,15
1,32	0,11
1,26	0,18
1,32	0,13
1,28	0,16
1,3	0,14
1,31	0,17
1,32	0,17
1,34	0,12
1,35	0,12
1,4	0,13
1,38	0,16
1,47	0,14
1,42	0,16
1,34	0,14
1,41	0,18
1,43	0,19
1,43	0,14
1,44	0,15
1,46	0,17
1,52	0,14
1,49	0,12
1,5	0,13
1,5	0,17
1,51	0,16
1,52	0,17
1,46	0,15
1,55	0,13
1,56	0,15
1,57	0,17
1,59	0,18
1,55	0,14
1,67	0,13
1,62	0,15
1,61	0,16
1,72	0,13
1,7	0,14
1,61	0,15
1,72	0,16
1,68	0,17
1,66	0,14
1,7	0,15
1,7	0,14
1,78	0,14
1,72	0,16
1,75	0,19
1,79	0,13
1,77	0,15
1,72	0,15
1,79	0,17
1,82	0,13
1,82	0,15
1,84	0,13
1,91	0,17
1,87	0,16
1,94	0,12
1,9	0,19
1,9	0,14
1,92	0,18
1,91	0,16
1,86	0,14
1,95	0,13
1,96	0,17
  2	0,14
1,98	0,16
1,96	0,13
2,02	0,19
2,02	0,17
2,01	0,19
2,03	0,16
2,07	0,16
2,07	0,18
2,07	0,17
2,08	0,17
2,09	0,17
2,11	0,15
2,11	0,21
2,09	0,17
2,12	0,17
2,22	0,17
2,2	0,2
2,17	0,2
2,19	0,19
2,19	0,19
2,14	0,19
2,25	0,21
2,24	0,21
2,26	0,22
2,19	0,21
2,25	0,2
2,34	0,22
2,25	0,22
2,3	0,2
2,31	0,24
2,31	0,23
2,34	0,22
2,42	0,25
2,36	0,22
2,36	0,25
2,4	0,27
2,39	0,26
2,4	0,26
2,5	0,27
2,44	0,28
2,5	0,28
2,45	0,29
2,39	0,27
2,51	0,33
2,58	0,31
2,5	0,3
2,57	0,31
2,53	0,28
2,54	0,29
2,5	0,31
2,55	0,33
2,55	0,34
2,6	0,31
2,59	0,33
2,61	0,34
2,63	0,34
2,66	0,35
2,68	0,35
2,65	0,35
2,66	0,36
2,67	0,36
2,69	0,34
2,63	0,35
2,75	0,37
2,72	0,36
2,75	0,37
2,82	0,37
2,76	0,35
2,76	0,37
2,72	0,36
2,76	0,37
2,77	0,37
2,81	0,37
2,75	0,37
2,84	0,34
2,85	0,39
2,87	0,37
2,83	0,37
2,86	0,38
2,86	0,37
2,86	0,37
2,92	0,35
2,9	0,38
2,92	0,37
2,97	0,38
2,97	0,36
3,03	0,38
2,98	0,34
2,97	0,38
2,97	0,36
3,03	0,38
3,01	0,38
3,03	0,39
3,05	0,39
3,05	0,4
3,07	0,38
3,16	0,39
3,1	0,38
3,09	0,39
3,17	0,39
3,17	0,38
3,14	0,4
3,16	0,42
3,15	0,38
3,21	0,38
3,2	0,38
3,17	0,38
3,23	0,37
3,23	0,4
3,25	0,35
3,26	0,35
3,25	0,39
3,27	0,4
3,33	0,39
3,29	0,38
3,32	0,36
3,31	0,36
3,34	0,36
3,4	0,39
3,37	0,37
3,37	0,42
3,39	0,39
3,39	0,35
3,42	0,39
3,42	0,36
3,42	0,39
3,45	0,41
3,5	0,39
3,45	0,4
3,46	0,39
3,52	0,39
3,49	0,4
3,5	0,38
3,56	0,39
3,58	0,39
3,46	0,38
3,56	0,38
3,56	0,4
3,5	0,37
3,6	0,37
3,68	0,39
3,61	0,36
3,69	0,39
3,65	0,36
3,64	0,38
3,72	0,38
3,66	0,36
3,66	0,36
3,7	0,42
3,69	0,39
3,73	0,38
3,74	0,36
3,72	0,4
3,77	0,39
3,77	0,39
3,78	0,4
3,86	0,39
3,8	0,42
3,75	0,38
3,85	0,39
3,91	0,39
3,79	0,38
3,85	0,39
3,94	0,39
3,92	0,39
3,92	0,39
3,91	0,42
3,91	0,39
3,88	0,38
3,96	0,36
3,96	0,38
3,94	0,39
4,06	0,39
3,99	0,39
3,99	0,39
3,99	0,38
4,01	0,38
4,03	0,36
4,03	0,39
4,07	0,38
4,06	0,4
4,13	0,38
4,12	0,39
4,1	0,4
4,15	0,39
4,13	0,38
4,14	0,36
4,14	0,36
4,17	0,38
4,16	0,38
4,17	0,4
4,19	0,36
4,19	0,39
4,21	0,41
4,24	0,38
4,17	0,38
4,17	0,37
4,27	0,36
4,25	0,39
4,31	0,39
4,32	0,37
4,28	0,37
4,33	0,38
4,28	0,38
4,35	0,39
4,35	0,39
4,29	0,37
4,38	0,36
4,4	0,36
4,41	0,39
4,43	0,39
4,44	0,37
4,36	0,38
4,45	0,39
4,48	0,39
4,52	0,39
4,49	0,39
4,49	0,4
4,52	0,37
4,56	0,39
4,52	0,36
4,58	0,4
4,63	0,39
4,63	0,38
4,59	0,37
4,6	0,36
4,64	0,39
4,54	0,38
4,59	0,36
4,57	0,38
4,55	0,39
4,53	0,42
4,52	0,39
4,54	0,36
4,46	0,39
4,49	0,39
4,45	0,39
4,52	0,39
4,42	0,4
4,46	0,38
4,41	0,4
4,42	0,38
4,39	0,39
4,39	0,38
4,39	0,39
4,33	0,39
4,34	0,41
4,35	0,39
4,32	0,39
4,32	0,42
4,28	0,38
4,28	0,39
4,23	0,39
4,21	0,38
4,27	0,39
4,24	0,38
4,24	0,41
4,14	0,39
4,21	0,41
4,24	0,42
4,14	0,38
4,25	0,39
4,13	0,39
4,18	0,39
4,13	0,37
4,16	0,39
4,1	0,39
4,1	0,39
4,05	0,38
4,07	0,37
4,03	0,38
3,99	0,38
  4	0,38
4,04	0,36
4,05	0,39
  4	0,37
  4	0,38
  4	0,36
3,91	0,38
3,96	0,39
3,96	0,41
3,88	0,39
3,88	0,38
3,93	0,38
3,82	0,38
3,88	0,38
3,93	0,39
3,88	0,36
3,84	0,38
3,84	0,39
3,85	0,39
3,82	0,36
3,83	0,36
3,77	0,39
3,82	0,38
3,78	0,37
3,78	0,38
3,74	0,39
3,66	0,38
3,72	0,38
3,73	0,38
3,79	0,39
3,7	0,38
3,7	0,38
3,67	0,39
3,66	0,36
3,64	0,4
3,64	0,37
3,58	0,38
3,6	0,37
3,59	0,4
3,58	0,39
3,58	0,41
3,54	0,38
3,5	0,38
3,55	0,37
3,56	0,39
3,47	0,38
3,5	0,39
3,5	0,4
3,47	0,39
3,41	0,38
3,47	0,38
3,44	0,39
3,43	0,38
3,42	0,4
3,38	0,38
3,39	0,39
3,38	0,4
3,44	0,4
3,41	0,39
3,36	0,38
3,31	0,4
3,32	0,39
3,33	0,36
3,31	0,4
3,31	0,37
3,3	0,35
3,26	0,39
3,3	0,38
3,24	0,38
3,28	0,38
3,28	0,39
3,21	0,38
3,19	0,36
3,27	0,39
3,2	0,4
3,19	0,37
3,19	0,39
3,18	0,39
3,17	0,39
3,14	0,39
3,12	0,38
3,11	0,36
3,11	0,38
3,09	0,38
3,09	0,37
3,12	0,38
3,12	0,39
3,08	0,39
3,11	0,38
2,95	0,38
2,95	0,37
2,97	0,39
2,99	0,37
2,97	0,35
2,97	0,38
2,94	0,38
2,9	0,38
2,97	0,38
2,92	0,42
2,89	0,39
2,81	0,37
2,81	0,37
2,92	0,38
2,81	0,38
2,84	0,38
2,83	0,41
2,81	0,35
2,84	0,38
2,8	0,38
2,79	0,39
2,78	0,38
2,78	0,38
2,78	0,39
2,7	0,37
2,72	0,37
2,72	0,36
2,7	0,4
2,63	0,36
2,69	0,35
2,67	0,39
2,69	0,37
2,69	0,35
2,65	0,36
2,61	0,38
2,61	0,36
2,61	0,34
2,59	0,36
2,56	0,35
2,5	0,34
2,55	0,33
2,53	0,37
2,47	0,34
2,53	0,37
2,49	0,34
2,48	0,34
2,39	0,32
2,39	0,32
2,46	0,29
2,37	0,31
2,45	0,33
2,4	0,32
2,41	0,29
2,45	0,31
2,37	0,29
2,4	0,3
2,4	0,31
2,36	0,26
2,33	0,28
2,27	0,26
2,34	0,27
2,29	0,29
2,28	0,27
2,35	0,26
2,26	0,25
2,26	0,24
2,2	0,24
2,15	0,23
2,22	0,24
2,19	0,22
2,2	0,23
2,17	0,25
2,17	0,22
2,12	0,19
2,11	0,2
2,14	0,23
2,14	0,22
2,04	0,19
2,15	0,21
2,08	0,19
2,09	0,21
2,08	0,17
2,06	0,19
2,04	0,22
2,03	0,18
  2	0,17
2,01	0,18
  2	0,2
  2	0,19
1,98	0,16
1,96	0,17
1,95	0,17
1,95	0,17
1,93	0,2
1,93	0,18
1,9	0,19
1,97	0,14
1,89	0,2
1,81	0,16
1,87	0,17
1,86	0,16
1,84	0,18
1,84	0,14
1,79	0,15
1,82	0,17
1,81	0,17
1,73	0,17
1,77	0,13
1,76	0,16
1,74	0,18
1,73	0,15
1,65	0,15
1,71	0,17
1,71	0,17
1,72	0,17
1,67	0,18
1,66	0,14
1,58	0,15
1,65	0,15
1,64	0,2
1,62	0,15
1,65	0,12
1,6	0,15
1,58	0,18
1,51	0,16
1,58	0,19
1,54	0,17
1,52	0,18
1,57	0,16
1,52	0,17
1,5	0,15
1,5	0,18
1,52	0,16
1,45	0,15
1,4	0,15
1,51	0,14
1,44	0,19
1,42	0,16
1,42	0,16
1,36	0,14
1,44	0,15
1,38	0,15
1,37	0,18
1,28	0,15
1,32	0,16
1,39	0,13
1,31	0,13
1,29	0,19
1,29	0,13
1,25	0,16
1,29	0,19
1,26	0,15
1,29	0,16
1,24	0,19
1,2	0,15
1,2	0,17
1,21	0,13
1,18	0,16
1,21	0,14
1,1	0,15
1,15	0,19
1,14	0,14
1,09	0,14
1,11	0,17
1,1	0,16
1,14	0,17
1,09	0,17
1,07	0,16
1,07	0,13
1,06	0,17
1,06	0,12
1,03	0,18
1,07	0,15
1,08	0,14
1,06	0,12
0,9	0,16
0,96	0,18
0,89	0,15
0,89	0,14
0,94	0,16
0,86	0,15
0,92	0,13
0,9	0,18
0,85	0,14
0,88	0,15
0,85	0,17
0,86	0,18
0,83	0,17
0,84	0,17
0,78	0,14
0,79	0,16
0,78	0,13
0,86	0,13
0,78	0,15
0,73	0,15
0,76	0,17
0,73	0,16
0,72	0,16
0,72	0,15
0,71	0,18
0,71	0,17
0,7	0,17
0,67	0,17
0,65	0,15
0,64	0,15
0,63	0,19
0,61	0,17
0,59	0,13
0,59	0,15
0,51	0,15
0,63	0,15
0,52	0,14
0,51	0,15
0,49	0,16
0,52	0,13
0,53	0,17
0,57	0,12
0,49	0,14
0,37	0,15
0,46	0,13
0,44	0,17
0,38	0,16
0,43	0,15
0,38	0,15
0,46	0,16
0,47	0,13
0,44	0,15
0,38	0,16
0,38	0,17
0,34	0,15
0,34	0,18
0,34	0,17
0,32	0,16
0,31	0,17
0,31	0,16
0,29	0,16
0,21	0,16
0,19	0,16
0,25	0,15
0,24	0,15
0,23	0,16
0,21	0,15
0,27	0,13
0,21	0,12
0,18	0,15
0,16	0,17
0,24	0,15
0,18	0,14
0,13	0,15
0,2	0,13
0,04	0,16
0,15	0,16
0,02	0,16
0,07	0,17
0,05	0,17
0,04	0,17
-0,02	0,16
0,1	0,13
  0	0,13
-0,05	0,15
-0,03	0,16
-0,03	0,18
-0,04	0,14
