  0	  0
-0,04	0,12
-0,02	0,16
-0,06	0,16
  0	0,13
-0,03	0,11
-0,07	0,14
-0,02	0,17
-0,01	0,15
0,02	0,16
0,03	0,11
0,09	0,12
  0	0,16
0,07	0,17
0,08	0,17
0,1	0,19
0,1	0,17
0,11	0,17
0,13	0,16
0,18	0,13
0,15	0,16
0,12	0,15
0,17	0,17
0,19	0,19
0,2	0,15
0,2	0,17
0,26	0,17
0,25	0,16
0,15	0,15
0,23	0,17
0,2	0,14
0,27	0,18
0,29	0,18
0,34	0,15
0,32	0,12
0,33	0,15
0,34	0,15
0,35	0,17
0,43	0,14
0,37	0,12
0,31	0,15
0,39	0,14
0,4	0,15
0,39	0,15
0,44	0,16
0,45	0,18
0,48	0,18
0,48	0,13
0,48	0,18
0,49	0,2
0,46	0,14
0,51	0,17
0,51	0,18
0,49	0,14
0,6	0,12
0,56	0,16
0,57	0,16
0,62	0,14
0,59	0,18
0,6	0,18
0,62	0,13
0,69	0,14
0,72	0,13
0,65	0,17
0,65	0,17
0,69	0,12
0,68	0,14
0,62	0,15
0,65	0,15
0,73	0,16
0,73	0,17
0,73	0,18
0,76	0,12
0,74	0,16
0,78	0,14
0,82	0,14
0,79	0,14
0,81	0,19
0,82	0,15
0,83	0,15
0,85	0,14
0,87	0,13
0,9	0,16
0,86	0,15
0,89	0,15
0,86	0,17
0,96	0,16
0,93	0,17
1,03	0,12
0,94	0,15
1,05	0,13
0,95	0,15
  1	0,18
0,97	0,14
0,96	0,14
1,03	0,19
1,03	0,13
1,05	0,17
1,14	0,13
1,13	0,13
1,08	0,16
1,1	0,16
1,1	0,18
1,12	0,18
1,15	0,13
1,18	0,16
1,16	0,13
1,15	0,15
1,1	0,15
1,23	0,16
1,2	0,15
1,15	0,16
1,22	0,14
1,25	0,17
1,23	0,17
1,25	0,18
1,28	0,13
1,29	0,16
1,29	0,17
1,3	0,15
1,31	0,18
1,34	0,19
1,35	0,18
1,35	0,14
1,36	0,16
1,37	0,18
1,38	0,14
1,39	0,17
1,4	0,17
1,42	0,15
1,43	0,17
1,45	0,15
1,47	0,17
1,51	0,16
1,4	0,16
1,49	0,19
1,52	0,17
1,5	0,16
1,53	0,15
1,53	0,15
1,56	0,14
1,56	0,15
1,5	0,15
1,59	0,19
1,59	0,19
1,62	0,13
1,6	0,16
1,64	0,15
1,65	0,17
1,65	0,16
1,65	0,16
1,68	0,17
1,66	0,16
1,7	0,14
1,72	0,17
1,65	0,17
1,66	0,16
1,78	0,14
1,75	0,17
1,78	0,16
1,77	0,2
1,78	0,2
1,8	0,17
1,81	0,2
1,82	0,22
1,84	0,19
1,85	0,19
1,81	0,18
1,9	0,2
1,93	0,2
1,9	0,2
1,89	0,22
1,91	0,23
1,93	0,19
2,01	0,19
1,97	0,23
1,98	0,25
1,99	0,19
1,99	0,23
  2	0,22
2,01	0,25
2,08	0,25
2,08	0,24
2,06	0,27
2,07	0,22
2,05	0,27
2,06	0,26
2,08	0,29
2,14	0,27
2,12	0,22
2,16	0,29
2,1	0,28
2,12	0,28
2,22	0,28
2,18	0,32
2,19	0,28
2,19	0,31
2,19	0,33
2,25	0,32
2,18	0,31
2,24	0,32
2,23	0,33
2,26	0,3
2,26	0,34
2,22	0,33
2,31	0,31
2,29	0,34
2,34	0,34
2,38	0,34
2,37	0,35
2,37	0,38
2,33	0,35
2,38	0,35
2,4	0,39
2,42	0,36
2,37	0,36
2,36	0,36
2,44	0,34
2,47	0,37
2,48	0,35
2,51	0,37
2,49	0,35
2,44	0,37
2,51	0,35
2,47	0,37
2,5	0,37
2,58	0,38
2,63	0,38
2,55	0,36
2,58	0,39
2,53	0,37
2,57	0,38
2,61	0,37
2,6	0,38
2,63	0,35
2,64	0,38
2,67	0,39
2,69	0,36
2,7	0,36
2,69	0,39
2,77	0,39
2,72	0,4
2,67	0,37
2,73	0,38
2,69	0,37
2,84	0,39
2,85	0,39
2,76	0,38
2,83	0,37
2,81	0,36
2,82	0,39
2,83	0,37
2,83	0,36
2,84	0,36
2,91	0,39
2,87	0,39
2,91	0,36
2,97	0,39
2,9	0,38
2,93	0,42
2,89	0,38
2,87	0,36
2,97	0,36
2,98	0,36
2,99	0,41
2,98	0,36
3,02	0,35
3,03	0,4
3,04	0,38
2,99	0,38
3,04	0,38
2,99	0,38
3,12	0,35
3,1	0,38
3,09	0,39
3,11	0,38
3,05	0,38
3,15	0,36
3,16	0,38
3,14	0,38
3,13	0,38
3,25	0,38
3,28	0,39
3,21	0,4
3,23	0,38
3,22	0,4
3,25	0,37
3,26	0,37
3,32	0,39
3,27	0,38
3,28	0,39
3,34	0,39
3,3	0,41
3,3	0,38
3,27	0,38
3,34	0,38
3,36	0,38
3,44	0,39
3,31	0,38
3,42	0,39
3,39	0,39
3,45	0,39
3,43	0,39
3,47	0,39
3,45	0,42
3,43	0,39
3,46	0,38
3,48	0,39
3,52	0,39
3,5	0,38
3,5	0,41
3,58	0,39
3,52	0,38
3,55	0,4
3,55	0,39
3,57	0,4
3,68	0,39
3,59	0,4
3,63	0,38
3,69	0,4
3,59	0,4
3,66	0,36
3,66	0,41
3,66	0,39
3,68	0,39
3,69	0,38
3,69	0,39
3,7	0,39
3,74	0,38
3,75	0,41
3,76	0,38
3,77	0,36
3,81	0,39
3,81	0,39
3,8	0,36
3,75	0,38
3,83	0,41
3,77	0,38
3,83	0,41
3,86	0,42
3,88	0,37
3,92	0,36
3,82	0,38
3,96	0,39
3,93	0,39
3,9	0,4
3,92	0,39
3,96	0,37
3,95	0,36
3,97	0,39
3,98	0,36
3,92	0,38
  4	0,39
4,09	0,39
3,99	0,39
4,03	0,41
4,04	0,4
3,99	0,38
4,08	0,39
4,09	0,36
4,08	0,38
4,11	0,42
4,13	0,4
4,16	0,39
4,17	0,39
4,17	0,35
4,1	0,38
4,19	0,38
4,19	0,36
4,27	0,39
4,22	0,41
4,23	0,39
4,24	0,38
4,21	0,38
4,27	0,36
4,25	0,38
4,28	0,38
4,3	0,42
4,33	0,39
4,33	0,41
4,33	0,38
4,46	0,39
4,35	0,39
4,35	0,39
4,38	0,41
4,4	0,36
4,41	0,36
4,48	0,39
4,41	0,4
4,37	0,38
4,46	0,39
4,52	0,4
4,4	0,38
4,49	0,39
4,5	0,39
4,47	0,38
4,52	0,38
4,62	0,39
4,53	0,39
4,49	0,38
4,58	0,4
4,55	0,39
4,52	0,37
4,6	0,41
4,58	0,39
4,71	0,39
4,66	0,39
4,57	0,36
4,61	0,39
4,53	0,36
4,61	0,39
4,47	0,38
4,47	0,37
4,44	0,39
4,51	0,4
4,41	0,39
4,41	0,4
4,41	0,39
4,36	0,38
4,39	0,38
4,38	0,39
4,38	0,36
4,36	0,39
4,27	0,38
4,31	0,38
4,32	0,39
4,27	0,38
4,3	0,39
4,29	0,38
4,27	0,41
4,28	0,39
4,21	0,38
4,24	0,39
4,27	0,39
4,23	0,4
4,25	0,39
4,18	0,39
4,17	0,39
4,19	0,37
4,17	0,42
4,1	0,38
4,15	0,41
4,14	0,39
4,12	0,4
4,09	0,41
4,11	0,37
4,1	0,37
4,14	0,39
4,06	0,38
4,05	0,38
4,03	0,38
4,02	0,36
3,96	0,38
4,01	0,39
3,99	0,36
3,99	0,36
3,94	0,41
3,99	0,4
3,92	0,39
3,94	0,36
3,86	0,38
3,83	0,38
3,89	0,38
3,88	0,36
3,86	0,39
3,85	0,39
3,8	0,38
3,83	0,36
3,8	0,39
3,82	0,38
3,79	0,38
3,78	0,41
3,73	0,38
3,75	0,38
3,74	0,39
3,74	0,37
3,73	0,39
3,73	0,39
3,7	0,37
3,7	0,36
3,67	0,41
3,66	0,39
3,58	0,38
3,64	0,38
3,71	0,39
3,63	0,38
3,61	0,39
3,63	0,39
3,59	0,38
3,59	0,37
3,57	0,41
3,62	0,39
3,56	0,42
3,47	0,38
3,53	0,42
3,52	0,39
3,51	0,42
3,51	0,39
3,42	0,39
3,41	0,38
3,45	0,4
3,43	0,37
3,36	0,38
3,5	0,39
3,42	0,36
3,38	0,39
3,4	0,4
3,36	0,38
3,35	0,39
3,34	0,4
3,32	0,4
3,41	0,39
3,27	0,38
3,22	0,38
3,29	0,4
3,34	0,38
3,19	0,38
3,27	0,38
3,31	0,4
3,21	0,39
3,27	0,38
3,27	0,38
3,27	0,39
3,22	0,4
3,14	0,38
3,15	0,39
3,13	0,39
3,2	0,39
3,11	0,4
3,16	0,39
3,11	0,41
3,11	0,36
3,08	0,39
3,12	0,39
2,99	0,38
  3	0,38
3,05	0,35
  3	0,39
3,07	0,39
3,07	0,39
2,98	0,37
2,98	0,4
2,94	0,38
2,91	0,38
3,02	0,38
2,94	0,37
  3	0,39
2,92	0,36
2,87	0,38
2,87	0,38
2,86	0,39
2,88	0,36
2,8	0,38
2,86	0,39
2,82	0,39
2,81	0,42
2,87	0,39
2,78	0,39
2,79	0,37
2,84	0,39
2,71	0,38
2,68	0,38
2,72	0,38
2,71	0,38
2,78	0,39
2,7	0,4
2,68	0,38
2,67	0,4
2,64	0,38
2,66	0,37
2,62	0,39
2,58	0,38
2,63	0,36
2,6	0,4
2,6	0,41
2,57	0,37
2,56	0,37
2,61	0,39
2,58	0,38
2,58	0,38
2,5	0,38
2,52	0,36
2,5	0,36
2,48	0,38
2,47	0,39
2,42	0,37
2,45	0,37
2,43	0,39
2,5	0,38
2,41	0,37
2,4	0,39
2,48	0,38
2,36	0,37
2,37	0,37
2,32	0,37
2,35	0,37
2,31	0,36
2,29	0,36
2,31	0,36
2,3	0,34
2,37	0,36
2,25	0,35
2,2	0,35
2,25	0,35
2,21	0,35
2,23	0,31
2,23	0,35
2,24	0,35
2,12	0,33
2,11	0,32
2,15	0,33
2,15	0,34
2,18	0,33
2,07	0,31
2,12	0,31
2,15	0,32
2,04	0,3
2,11	0,31
2,08	0,32
2,09	0,27
2,04	0,3
2,06	0,25
2,01	0,28
2,09	0,27
  2	0,27
1,98	0,28
1,97	0,27
1,97	0,24
2,04	0,25
1,95	0,25
2,01	0,25
1,92	0,24
1,98	0,22
1,97	0,24
1,95	0,21
1,87	0,22
1,87	0,23
1,87	0,23
1,84	0,21
1,82	0,23
1,83	0,23
1,81	0,19
1,76	0,18
1,79	0,22
1,78	0,21
1,76	0,21
1,77	0,22
1,8	0,17
1,73	0,21
1,8	0,18
1,71	0,18
1,68	0,18
1,67	0,19
1,67	0,18
1,62	0,16
1,64	0,18
1,63	0,15
1,64	0,18
1,64	0,19
1,62	0,18
1,61	0,18
1,59	0,17
1,56	0,14
1,56	0,18
1,49	0,15
1,59	0,17
1,53	0,18
1,51	0,16
1,5	0,2
1,48	0,17
1,47	0,18
1,48	0,14
1,45	0,15
1,42	0,15
1,42	0,2
1,43	0,16
1,42	0,17
1,41	0,19
1,39	0,16
1,4	0,17
1,34	0,14
1,35	0,2
1,31	0,15
1,33	0,14
1,3	0,18
1,29	0,15
1,29	0,17
1,23	0,14
1,28	0,17
1,27	0,13
1,17	0,15
1,23	0,17
1,15	0,16
1,22	0,19
1,2	0,15
1,26	0,14
1,19	0,13
1,12	0,14
1,15	0,17
1,14	0,13
1,13	0,19
1,17	0,11
1,12	0,17
1,1	0,14
1,09	0,15
1,08	0,18
1,06	0,17
1,06	0,17
1,01	0,16
1,03	0,15
1,03	0,16
1,01	0,19
1,04	0,15
0,99	0,16
0,98	0,19
0,89	0,15
0,94	0,17
0,98	0,15
0,9	0,16
0,91	0,14
0,86	0,16
0,89	0,14
0,88	0,17
0,81	0,15
0,81	0,16
0,81	0,14
0,83	0,19
0,82	0,14
0,79	0,18
0,73	0,15
0,79	0,16
0,84	0,12
0,74	0,15
0,76	0,12
0,72	0,15
0,73	0,17
0,69	0,15
0,68	0,15
0,67	0,16
0,67	0,18
0,65	0,15
0,72	0,13
0,57	0,15
0,64	0,16
0,59	0,15
0,61	0,19
0,6	0,17
0,59	0,16
0,57	0,16
0,54	0,16
0,56	0,13
0,62	0,13
0,54	0,18
0,52	0,17
0,5	0,16
0,42	0,16
0,49	0,17
0,44	0,16
0,46	0,19
0,44	0,17
0,38	0,16
0,49	0,12
0,49	0,13
0,45	0,12
0,47	0,14
0,38	0,16
0,42	0,11
0,36	0,12
0,34	0,17
0,33	0,12
0,33	0,11
0,31	0,15
0,29	0,15
0,28	0,17
0,28	0,14
0,26	0,12
0,23	0,16
0,24	0,15
0,23	0,15
0,2	0,15
0,2	0,16
0,18	0,15
0,25	0,14
0,17	0,12
0,04	0,16
0,19	0,13
0,08	0,15
0,13	0,13
0,1	0,18
0,12	0,18
0,09	0,13
  0	0,16
0,07	0,13
0,12	0,11
0,04	0,19
0,01	0,17
-0,05	0,15
0,01	0,14
0,05	0,15
-0,04	0,15
-0,02	0,16
