  0	  0
-0,05	0,16
-0,05	0,15
0,05	0,12
0,01	0,15
-0,03	0,14
-0,02	0,17
-0,02	0,19
-0,01	0,16
  0	0,17
0,04	0,16
0,04	0,15
0,07	0,19
0,07	0,18
0,13	0,17
0,03	0,16
0,09	0,15
0,12	0,18
0,13	0,15
0,13	0,17
0,15	0,13
0,15	0,18
0,16	0,15
0,18	0,16
0,27	0,13
0,21	0,12
0,26	0,12
0,31	0,13
0,24	0,19
0,26	0,17
0,27	0,19
0,28	0,17
0,29	0,17
0,31	0,16
0,32	0,12
0,33	0,13
0,34	0,19
0,34	0,15
0,35	0,17
0,38	0,14
0,45	0,13
0,38	0,15
0,34	0,16
0,43	0,15
0,37	0,15
0,44	0,17
0,45	0,18
0,45	0,15
0,49	0,13
0,43	0,15
0,49	0,17
0,51	0,16
0,49	0,15
0,52	0,13
0,55	0,12
0,63	0,12
0,57	0,12
0,57	0,15
0,59	0,14
0,64	0,13
0,61	0,17
0,56	0,16
0,68	0,12
0,65	0,19
0,63	0,14
0,68	0,2
0,64	0,15
0,7	0,13
0,71	0,13
0,69	0,17
0,74	0,18
0,74	0,16
0,76	0,14
0,85	0,13
0,7	0,15
0,78	0,17
0,81	0,18
0,84	0,17
0,76	0,16
0,84	0,19
0,82	0,15
0,87	0,12
0,79	0,15
0,89	0,19
0,9	0,17
0,91	0,17
0,92	0,16
0,93	0,16
0,95	0,19
0,96	0,14
0,97	0,17
0,98	0,18
0,99	0,17
1,09	0,14
1,01	0,12
0,99	0,16
1,04	0,13
1,06	0,17
1,06	0,13
1,14	0,14
1,01	0,16
1,1	0,12
1,1	0,16
1,1	0,13
1,07	0,16
1,15	0,12
1,15	0,18
1,23	0,13
1,15	0,12
1,25	0,14
1,19	0,15
1,23	0,17
1,17	0,17
1,29	0,15
1,17	0,15
1,26	0,18
1,32	0,13
1,28	0,17
1,3	0,2
1,32	0,17
1,38	0,13
1,33	0,2
1,33	0,18
1,34	0,18
1,34	0,18
1,36	0,2
1,38	0,19
1,4	0,2
1,48	0,15
1,41	0,16
1,37	0,16
1,45	0,2
1,47	0,18
1,48	0,19
1,47	0,2
1,5	0,17
1,5	0,18
1,53	0,19
1,51	0,21
1,51	0,18
1,56	0,18
1,55	0,21
1,49	0,18
1,62	0,21
1,59	0,22
1,61	0,24
1,61	0,2
1,65	0,23
1,61	0,21
1,71	0,23
1,62	0,22
1,68	0,2
1,67	0,27
1,71	0,25
1,7	0,24
1,73	0,28
1,74	0,23
1,73	0,25
1,75	0,24
1,75	0,26
1,78	0,26
1,83	0,29
1,86	0,27
1,76	0,28
1,78	0,28
1,84	0,29
1,92	0,3
1,84	0,32
1,86	0,32
1,87	0,33
1,9	0,32
1,92	0,35
1,85	0,32
  2	0,34
1,95	0,33
1,95	0,34
1,97	0,34
2,01	0,35
1,92	0,34
2,01	0,36
2,02	0,35
2,02	0,34
2,11	0,36
2,06	0,36
2,06	0,34
2,08	0,34
2,08	0,37
2,05	0,36
2,08	0,36
2,11	0,34
2,09	0,36
2,14	0,38
2,15	0,35
2,17	0,34
2,19	0,37
2,09	0,37
2,15	0,37
2,17	0,38
2,21	0,38
2,29	0,38
2,2	0,37
2,31	0,38
2,25	0,38
2,29	0,39
2,21	0,37
2,29	0,35
2,31	0,36
2,37	0,38
2,31	0,39
2,36	0,35
2,37	0,36
2,36	0,38
2,39	0,37
2,37	0,38
2,35	0,37
2,35	0,37
2,49	0,38
2,38	0,38
2,44	0,38
2,48	0,38
2,48	0,37
2,49	0,36
2,51	0,4
2,52	0,36
2,52	0,4
2,53	0,36
2,55	0,4
2,55	0,38
2,56	0,38
2,58	0,38
2,55	0,38
2,59	0,38
2,61	0,38
2,63	0,37
2,64	0,35
2,71	0,38
2,66	0,39
2,66	0,38
2,74	0,39
2,74	0,39
2,72	0,36
2,67	0,38
2,71	0,39
2,73	0,38
2,76	0,36
2,75	0,38
2,7	0,38
2,78	0,41
2,8	0,39
2,81	0,38
2,81	0,37
2,83	0,38
2,82	0,38
2,87	0,39
2,86	0,37
2,91	0,38
2,89	0,4
2,93	0,39
2,92	0,36
2,92	0,36
2,95	0,42
2,96	0,4
2,96	0,4
3,02	0,37
2,97	0,39
2,98	0,39
3,01	0,38
3,02	0,4
3,02	0,38
3,05	0,39
3,07	0,36
3,08	0,38
3,08	0,37
3,1	0,38
3,03	0,36
3,11	0,38
3,12	0,42
3,17	0,42
3,09	0,38
3,23	0,39
3,09	0,38
3,11	0,39
3,19	0,38
3,14	0,38
3,14	0,38
3,23	0,36
3,17	0,39
3,27	0,42
3,23	0,38
3,31	0,39
3,34	0,39
3,31	0,39
3,41	0,39
3,32	0,38
3,33	0,39
3,34	0,39
3,35	0,39
3,36	0,4
3,39	0,42
3,39	0,39
3,49	0,39
3,39	0,38
3,42	0,38
3,44	0,36
3,46	0,38
3,47	0,39
3,44	0,39
3,5	0,39
3,5	0,39
3,51	0,37
3,51	0,38
3,52	0,38
3,53	0,39
3,53	0,39
3,49	0,38
3,57	0,39
3,57	0,4
3,66	0,39
3,59	0,39
3,62	0,38
3,62	0,4
3,64	0,39
3,67	0,36
3,67	0,39
3,7	0,36
3,73	0,39
3,63	0,38
3,71	0,4
3,67	0,38
3,81	0,39
3,78	0,39
3,78	0,4
3,78	0,37
3,85	0,4
3,81	0,39
3,74	0,38
3,81	0,39
3,78	0,38
3,85	0,38
3,87	0,36
3,86	0,37
3,89	0,37
3,86	0,38
3,83	0,37
3,92	0,38
3,92	0,38
3,92	0,36
3,94	0,41
3,96	0,39
3,96	0,36
3,96	0,39
4,01	0,39
  4	0,39
3,96	0,38
4,09	0,39
4,05	0,39
  4	0,39
4,1	0,38
4,1	0,39
4,07	0,39
4,18	0,39
4,11	0,4
4,13	0,42
4,14	0,39
4,12	0,39
4,14	0,38
4,22	0,39
4,22	0,39
4,22	0,39
4,21	0,39
4,22	0,38
4,22	0,39
4,23	0,4
4,25	0,39
4,26	0,41
4,28	0,38
4,28	0,4
4,29	0,38
4,27	0,38
4,39	0,39
4,25	0,38
4,28	0,38
4,36	0,36
4,28	0,38
4,46	0,39
4,4	0,36
4,41	0,38
4,43	0,41
4,5	0,38
4,43	0,41
4,44	0,36
4,46	0,4
4,46	0,39
4,43	0,38
4,56	0,39
4,58	0,39
4,53	0,37
4,53	0,39
4,57	0,41
4,55	0,37
4,64	0,39
4,52	0,36
4,6	0,43
4,6	0,4
4,59	0,41
4,57	0,38
4,53	0,38
4,56	0,36
4,55	0,36
4,43	0,38
4,5	0,35
4,47	0,39
4,42	0,38
4,46	0,36
4,42	0,4
4,43	0,42
4,44	0,38
4,43	0,38
4,44	0,39
4,35	0,37
4,32	0,38
4,38	0,36
4,38	0,38
4,35	0,39
4,33	0,38
4,41	0,39
4,31	0,39
4,3	0,4
4,29	0,39
4,35	0,38
4,32	0,39
4,24	0,4
4,26	0,41
4,29	0,39
4,17	0,38
4,13	0,38
4,19	0,36
4,19	0,37
4,17	0,38
4,16	0,36
4,22	0,39
4,07	0,38
4,18	0,4
4,06	0,38
4,1	0,41
4,03	0,38
4,1	0,39
4,08	0,4
4,06	0,38
4,02	0,39
4,03	0,41
4,01	0,39
  4	0,39
4,01	0,39
3,97	0,41
4,06	0,39
3,92	0,39
3,93	0,41
3,88	0,39
3,94	0,38
3,91	0,38
3,89	0,38
3,9	0,39
3,97	0,39
3,88	0,38
3,9	0,39
3,84	0,4
3,84	0,36
3,91	0,39
3,83	0,36
3,85	0,39
3,78	0,39
3,76	0,41
3,78	0,36
3,79	0,39
3,72	0,4
3,75	0,39
3,68	0,39
3,72	0,36
3,7	0,38
3,7	0,39
3,65	0,39
3,61	0,38
3,66	0,36
3,63	0,38
3,64	0,36
3,61	0,41
3,62	0,36
3,5	0,38
3,59	0,37
3,59	0,39
3,56	0,36
3,54	0,4
3,55	0,37
3,53	0,39
3,55	0,39
3,5	0,38
3,48	0,4
3,5	0,39
3,47	0,42
3,42	0,4
3,43	0,38
3,42	0,4
3,41	0,4
3,39	0,4
3,39	0,38
3,38	0,42
3,45	0,39
3,36	0,36
3,41	0,39
3,33	0,38
3,37	0,39
3,27	0,38
3,31	0,41
3,27	0,39
3,27	0,41
3,25	0,39
3,28	0,38
3,24	0,38
3,23	0,42
3,21	0,39
3,14	0,39
3,12	0,38
3,25	0,39
3,17	0,39
3,16	0,38
3,14	0,38
3,14	0,36
3,17	0,39
3,12	0,41
3,14	0,39
3,16	0,39
3,02	0,38
3,08	0,39
3,07	0,39
3,03	0,4
3,03	0,37
3,04	0,37
3,03	0,4
2,92	0,38
2,97	0,41
2,91	0,38
2,97	0,38
2,89	0,38
2,94	0,39
2,94	0,37
2,96	0,39
2,91	0,4
2,88	0,39
2,87	0,4
2,85	0,39
2,8	0,38
2,86	0,36
2,83	0,39
2,9	0,38
2,81	0,36
2,88	0,38
2,83	0,39
2,76	0,38
2,78	0,36
2,77	0,36
2,73	0,38
2,67	0,38
2,76	0,39
2,69	0,37
2,62	0,38
2,69	0,36
2,67	0,36
2,6	0,38
2,66	0,38
2,62	0,39
2,7	0,39
2,62	0,39
2,59	0,39
2,61	0,41
2,58	0,36
2,56	0,39
2,53	0,39
2,55	0,38
2,46	0,38
2,55	0,39
2,48	0,38
2,42	0,37
2,51	0,38
2,48	0,38
2,55	0,39
2,48	0,38
2,4	0,38
2,51	0,39
2,43	0,35
2,42	0,35
2,42	0,39
2,33	0,38
2,37	0,42
2,36	0,37
2,36	0,35
2,35	0,38
2,34	0,37
2,32	0,41
2,3	0,38
2,33	0,41
2,32	0,39
2,25	0,38
2,29	0,38
2,25	0,35
2,19	0,38
2,23	0,38
2,2	0,37
2,23	0,38
2,2	0,36
2,17	0,39
2,15	0,36
2,16	0,36
2,12	0,39
2,11	0,38
2,12	0,37
2,11	0,36
2,11	0,37
2,09	0,35
2,08	0,37
2,03	0,37
2,05	0,4
2,08	0,38
2,05	0,34
1,97	0,36
  2	0,36
  2	0,33
1,98	0,36
1,96	0,34
1,97	0,33
1,94	0,33
1,94	0,34
1,87	0,35
1,89	0,36
1,85	0,35
1,83	0,33
1,94	0,34
1,84	0,33
1,84	0,34
1,81	0,32
1,83	0,31
1,74	0,31
1,72	0,31
1,71	0,31
1,86	0,31
1,78	0,34
1,76	0,31
1,73	0,32
1,74	0,29
1,73	0,33
1,69	0,26
1,69	0,26
1,64	0,27
1,65	0,27
1,64	0,29
1,64	0,28
1,7	0,26
1,62	0,27
1,57	0,23
1,69	0,24
1,59	0,24
1,66	0,23
1,5	0,22
1,62	0,23
1,55	0,23
1,54	0,21
1,51	0,23
1,56	0,22
1,42	0,2
1,5	0,21
1,49	0,18
1,53	0,21
1,53	0,19
1,52	0,18
1,42	0,19
1,42	0,21
1,4	0,18
1,48	0,17
1,38	0,18
1,34	0,17
1,29	0,17
1,35	0,2
1,34	0,17
1,28	0,17
1,38	0,16
1,31	0,17
1,29	0,17
1,29	0,18
1,27	0,19
1,25	0,16
1,29	0,17
1,18	0,15
1,22	0,19
1,2	0,18
1,2	0,19
1,17	0,17
1,17	0,14
1,16	0,15
1,15	0,15
1,13	0,17
1,14	0,12
1,12	0,13
1,1	0,18
1,17	0,14
1,09	0,19
1,08	0,15
1,07	0,18
1,04	0,16
1,02	0,15
1,02	0,16
1,06	0,16
1,03	0,13
1,01	0,17
0,98	0,14
0,9	0,15
0,97	0,17
0,94	0,19
0,93	0,17
0,93	0,15
0,99	0,14
0,93	0,16
0,95	0,13
0,9	0,17
0,87	0,14
0,85	0,17
0,92	0,13
0,84	0,16
0,81	0,17
0,86	0,15
0,79	0,16
0,78	0,19
0,71	0,15
0,73	0,15
0,74	0,15
0,76	0,17
0,69	0,14
0,68	0,15
0,7	0,14
0,7	0,16
0,68	0,16
0,68	0,12
0,72	0,14
0,6	0,18
0,61	0,15
0,62	0,19
0,62	0,12
0,59	0,15
0,57	0,16
0,62	0,17
0,54	0,15
0,6	0,15
0,61	0,12
0,56	0,18
0,52	0,17
0,43	0,16
0,5	0,21
0,53	0,12
0,54	0,14
0,49	0,16
0,45	0,15
0,5	0,13
0,42	0,17
0,43	0,14
0,41	0,19
0,39	0,17
0,37	0,16
0,37	0,17
0,36	0,19
0,29	0,14
0,32	0,19
0,32	0,17
0,37	0,16
0,24	0,15
0,29	0,12
0,26	0,16
0,26	0,15
0,26	0,16
0,24	0,15
0,22	0,18
0,23	0,19
0,21	0,16
0,19	0,17
0,18	0,18
0,16	0,18
0,16	0,16
0,15	0,16
0,14	0,13
0,12	0,17
0,1	0,17
0,1	0,13
0,08	0,16
0,07	0,15
0,05	0,15
0,05	0,18
0,07	0,16
0,04	0,14
0,03	0,14
  0	0,18
-0,01	0,17
-0,02	0,17
0,02	0,15
