  0	  0
-0,05	0,16
-0,1	0,16
-0,05	0,15
-0,03	0,12
-0,11	0,15
-0,04	0,17
-0,07	0,15
0,01	0,18
-0,01	0,15
0,01	0,15
0,04	0,17
0,05	0,13
0,08	0,16
0,11	0,16
0,06	0,16
0,03	0,16
0,1	0,19
0,1	0,15
0,13	0,17
0,11	0,13
0,16	0,12
0,14	0,15
0,17	0,17
0,16	0,14
0,19	0,12
0,18	0,18
0,2	0,14
0,21	0,17
0,3	0,12
0,16	0,16
0,32	0,13
0,27	0,17
0,27	0,12
0,28	0,15
0,29	0,16
0,3	0,15
0,31	0,18
0,32	0,16
0,34	0,12
0,34	0,19
0,27	0,15
0,32	0,13
0,38	0,17
0,38	0,19
0,38	0,15
0,34	0,15
0,42	0,17
0,48	0,12
0,43	0,12
0,4	0,15
0,38	0,16
0,46	0,15
0,46	0,16
0,48	0,16
0,47	0,15
0,57	0,13
0,55	0,16
0,52	0,18
0,52	0,15
0,52	0,14
0,57	0,17
0,55	0,16
0,57	0,16
0,65	0,13
0,56	0,15
0,62	0,16
0,59	0,13
0,61	0,17
0,64	0,16
0,6	0,14
0,66	0,12
0,71	0,15
0,67	0,17
0,68	0,18
0,7	0,13
0,71	0,19
0,65	0,15
0,67	0,15
0,81	0,13
0,71	0,14
0,74	0,12
0,74	0,14
0,78	0,14
0,8	0,17
0,8	0,17
0,82	0,14
0,84	0,13
0,8	0,14
0,77	0,15
0,87	0,16
0,86	0,19
0,87	0,15
0,95	0,13
0,92	0,17
0,9	0,15
0,9	0,18
0,99	0,15
0,94	0,13
0,95	0,16
0,95	0,18
0,97	0,2
0,9	0,16
0,98	0,17
0,95	0,16
1,01	0,18
1,04	0,19
1,04	0,15
1,03	0,19
1,12	0,15
1,06	0,17
1,13	0,19
1,08	0,16
1,07	0,16
1,1	0,19
1,18	0,18
1,16	0,19
1,12	0,2
1,15	0,15
1,14	0,2
1,17	0,21
1,18	0,19
1,12	0,18
1,27	0,2
1,2	0,2
1,21	0,21
1,2	0,22
1,23	0,2
1,31	0,21
1,18	0,22
1,25	0,23
1,25	0,24
1,32	0,25
1,37	0,24
1,28	0,23
1,32	0,25
1,34	0,24
1,32	0,28
1,4	0,27
1,36	0,25
1,34	0,27
1,37	0,28
1,37	0,29
1,47	0,29
1,42	0,27
1,42	0,26
1,46	0,28
1,51	0,31
1,46	0,33
1,52	0,32
1,48	0,35
1,56	0,32
1,5	0,32
1,5	0,34
1,52	0,35
1,54	0,34
1,54	0,34
1,53	0,33
1,49	0,32
1,51	0,34
1,55	0,35
1,57	0,33
1,58	0,34
1,64	0,35
1,63	0,35
1,64	0,37
1,64	0,34
1,64	0,37
1,65	0,36
1,66	0,35
1,68	0,34
1,7	0,36
1,66	0,36
1,72	0,37
1,72	0,36
1,73	0,34
1,76	0,37
1,67	0,36
1,75	0,36
1,77	0,36
1,76	0,39
1,78	0,35
1,79	0,37
1,8	0,36
1,81	0,38
1,84	0,37
1,83	0,38
1,81	0,37
1,85	0,37
1,88	0,37
1,92	0,39
1,89	0,4
1,92	0,38
1,87	0,37
1,93	0,35
1,94	0,38
1,9	0,38
1,95	0,38
1,98	0,37
1,99	0,35
1,91	0,37
1,98	0,4
1,93	0,37
1,97	0,38
2,03	0,38
2,07	0,4
2,03	0,38
2,09	0,38
2,06	0,4
2,06	0,36
2,11	0,37
2,11	0,38
2,2	0,38
2,16	0,39
2,12	0,4
2,08	0,37
2,15	0,37
2,17	0,36
2,17	0,39
2,19	0,38
2,2	0,41
2,17	0,37
2,14	0,36
2,22	0,4
2,22	0,38
2,23	0,4
2,26	0,38
2,23	0,38
2,36	0,39
2,31	0,39
2,29	0,37
2,29	0,4
2,33	0,38
2,31	0,4
2,33	0,39
2,34	0,38
2,36	0,39
2,38	0,4
2,37	0,4
2,31	0,38
2,41	0,39
2,42	0,35
2,42	0,4
2,41	0,38
2,44	0,39
2,43	0,38
2,47	0,36
2,42	0,38
2,47	0,4
2,47	0,38
2,57	0,39
2,52	0,38
2,51	0,39
2,56	0,39
2,49	0,38
2,56	0,36
2,57	0,38
2,57	0,39
2,58	0,39
2,6	0,4
2,54	0,38
2,62	0,4
2,62	0,38
2,64	0,39
2,68	0,39
2,73	0,39
2,71	0,39
2,64	0,38
2,7	0,36
2,72	0,39
2,7	0,37
2,75	0,39
2,73	0,39
2,75	0,37
2,76	0,39
2,84	0,39
2,83	0,39
2,79	0,37
2,8	0,4
2,79	0,39
2,73	0,38
2,86	0,39
2,92	0,39
2,83	0,41
2,89	0,39
2,86	0,39
2,92	0,39
2,91	0,37
2,91	0,39
3,02	0,39
2,84	0,38
2,92	0,37
2,94	0,36
2,95	0,37
2,95	0,39
2,96	0,39
2,98	0,38
2,97	0,38
3,02	0,39
2,96	0,38
3,01	0,41
3,01	0,38
3,06	0,38
3,06	0,41
3,03	0,39
3,08	0,39
3,06	0,38
3,08	0,39
3,08	0,4
3,14	0,39
3,11	0,38
3,13	0,39
3,15	0,37
3,22	0,39
3,2	0,39
3,17	0,39
3,17	0,38
3,2	0,37
3,23	0,39
3,16	0,39
3,22	0,38
3,31	0,4
3,25	0,37
3,19	0,38
3,25	0,39
3,27	0,37
3,31	0,39
3,25	0,38
3,31	0,37
3,34	0,36
3,36	0,38
3,34	0,38
3,29	0,38
3,34	0,39
3,42	0,39
3,45	0,39
3,42	0,39
3,47	0,39
3,44	0,41
3,45	0,39
3,44	0,36
3,4	0,39
3,38	0,38
3,48	0,39
3,42	0,38
3,48	0,4
3,49	0,39
3,5	0,39
3,52	0,38
3,58	0,39
3,54	0,38
3,54	0,37
3,55	0,38
3,58	0,38
3,57	0,39
3,59	0,39
3,58	0,39
3,62	0,39
3,6	0,39
3,63	0,42
3,65	0,38
3,64	0,41
3,66	0,42
3,67	0,4
3,66	0,39
3,69	0,38
3,7	0,42
3,66	0,38
3,64	0,38
3,72	0,39
3,75	0,36
3,74	0,39
3,72	0,39
3,85	0,39
3,85	0,39
3,82	0,39
3,8	0,41
3,81	0,39
3,81	0,37
3,77	0,39
3,8	0,38
3,94	0,39
3,81	0,38
3,84	0,38
3,96	0,39
3,92	0,39
3,97	0,39
3,91	0,37
3,92	0,38
3,94	0,39
3,95	0,42
3,96	0,41
3,97	0,39
3,97	0,4
4,03	0,39
  4	0,38
3,96	0,39
3,96	0,38
4,05	0,39
4,01	0,39
4,05	0,4
4,07	0,37
4,03	0,41
4,06	0,38
4,07	0,39
4,06	0,38
4,05	0,4
4,03	0,39
4,02	0,39
  4	0,37
  4	0,36
  4	0,39
3,97	0,4
3,93	0,38
3,92	0,39
3,91	0,38
4,01	0,38
3,94	0,38
3,92	0,36
3,9	0,39
3,93	0,39
3,9	0,39
3,89	0,39
3,85	0,38
3,83	0,41
3,8	0,38
3,82	0,39
3,8	0,36
3,85	0,41
3,81	0,38
3,79	0,39
3,78	0,39
3,78	0,41
3,75	0,4
3,75	0,39
3,71	0,39
3,72	0,38
3,75	0,39
3,78	0,39
3,69	0,37
3,68	0,38
3,66	0,39
3,64	0,39
3,64	0,39
3,65	0,35
3,67	0,38
3,55	0,37
3,57	0,39
3,62	0,39
3,59	0,36
3,59	0,36
3,58	0,4
3,53	0,42
3,54	0,39
3,53	0,41
3,49	0,38
3,53	0,4
3,49	0,39
3,5	0,38
3,46	0,38
3,49	0,41
3,5	0,39
3,45	0,42
3,45	0,37
3,43	0,36
3,51	0,39
3,44	0,39
3,41	0,37
3,4	0,37
3,38	0,4
3,4	0,39
3,4	0,39
3,34	0,38
3,36	0,36
3,38	0,39
3,32	0,42
3,34	0,4
3,29	0,38
3,28	0,41
3,27	0,36
3,28	0,38
3,25	0,39
3,25	0,41
3,25	0,36
3,29	0,39
3,22	0,36
3,27	0,39
3,2	0,38
3,19	0,41
3,18	0,4
3,17	0,38
3,12	0,38
3,09	0,37
3,14	0,39
3,16	0,39
3,12	0,38
3,13	0,38
3,11	0,36
3,09	0,39
3,05	0,39
3,04	0,39
3,06	0,4
2,97	0,38
3,03	0,39
3,02	0,39
3,09	0,39
2,92	0,38
3,01	0,37
2,95	0,38
2,95	0,37
2,95	0,39
2,92	0,39
2,98	0,39
2,94	0,37
2,91	0,39
2,92	0,39
2,89	0,39
2,81	0,38
2,95	0,39
2,95	0,39
2,84	0,39
2,92	0,39
2,84	0,42
2,85	0,4
2,84	0,39
2,75	0,38
2,79	0,38
2,72	0,38
2,72	0,38
2,76	0,39
2,76	0,38
2,74	0,39
2,75	0,38
2,71	0,39
2,72	0,38
2,72	0,38
2,69	0,39
2,69	0,38
2,75	0,39
2,66	0,38
2,69	0,39
2,65	0,38
2,63	0,36
2,62	0,38
2,61	0,36
2,61	0,39
2,6	0,37
2,58	0,39
2,63	0,39
2,55	0,39
2,54	0,36
2,55	0,41
2,53	0,36
2,52	0,4
2,5	0,39
2,45	0,38
2,55	0,39
2,55	0,39
2,38	0,38
2,42	0,38
2,45	0,41
2,44	0,36
2,37	0,39
2,43	0,39
2,47	0,39
2,4	0,37
2,39	0,35
2,36	0,39
2,37	0,35
2,37	0,38
2,33	0,39
2,34	0,38
2,31	0,38
2,29	0,38
2,28	0,4
2,29	0,38
2,28	0,38
2,22	0,38
2,28	0,39
2,24	0,4
2,31	0,39
2,22	0,38
2,22	0,41
2,28	0,38
2,27	0,39
2,12	0,38
2,2	0,39
2,17	0,35
2,14	0,38
2,14	0,38
2,12	0,39
2,12	0,39
2,15	0,36
2,15	0,39
2,09	0,39
2,09	0,36
2,07	0,38
2,06	0,39
2,04	0,38
2,04	0,37
2,03	0,38
2,04	0,39
2,07	0,38
1,93	0,38
1,98	0,38
2,03	0,39
1,97	0,36
1,91	0,37
1,95	0,36
1,95	0,35
1,92	0,38
1,86	0,37
1,89	0,39
1,93	0,38
1,93	0,38
1,86	0,37
1,89	0,38
1,85	0,37
1,87	0,38
1,81	0,4
1,83	0,38
1,89	0,38
1,76	0,38
1,72	0,37
1,77	0,39
1,73	0,38
1,72	0,37
1,75	0,36
1,7	0,37
1,72	0,36
1,72	0,37
1,71	0,38
1,72	0,38
1,76	0,38
1,66	0,37
1,7	0,38
1,63	0,38
1,64	0,36
1,62	0,39
1,62	0,37
1,62	0,37
1,61	0,37
1,6	0,37
1,67	0,37
1,58	0,33
1,62	0,36
1,55	0,37
1,48	0,35
1,6	0,35
1,53	0,35
1,5	0,35
1,51	0,34
1,49	0,33
1,4	0,33
1,46	0,36
1,46	0,34
1,43	0,36
1,45	0,33
1,42	0,33
1,42	0,34
1,39	0,33
1,39	0,32
1,38	0,33
1,46	0,33
1,35	0,32
1,34	0,31
1,35	0,27
1,39	0,31
1,26	0,29
1,3	0,28
1,31	0,28
1,31	0,31
1,32	0,29
1,26	0,26
1,28	0,27
1,25	0,27
1,25	0,26
1,23	0,25
1,23	0,28
1,29	0,25
1,14	0,23
1,25	0,24
1,17	0,24
1,19	0,24
1,17	0,23
1,14	0,24
1,16	0,2
1,1	0,22
1,18	0,22
1,12	0,19
1,11	0,22
1,09	0,24
1,09	0,2
1,14	0,19
1,07	0,21
1,05	0,17
1,04	0,18
1,04	0,17
1,01	0,18
1,01	0,22
1,01	0,17
1,02	0,19
0,98	0,17
0,95	0,19
1,02	0,18
0,96	0,18
0,94	0,14
0,92	0,2
0,87	0,16
0,84	0,16
0,91	0,17
0,9	0,18
0,87	0,17
0,85	0,18
0,84	0,13
0,85	0,14
0,89	0,13
0,82	0,19
0,82	0,19
0,8	0,17
0,78	0,16
0,79	0,15
0,78	0,17
0,74	0,15
0,76	0,16
0,67	0,17
0,73	0,14
0,67	0,16
0,63	0,15
0,69	0,18
0,68	0,17
0,71	0,16
0,64	0,15
0,66	0,16
0,63	0,14
0,64	0,16
0,63	0,14
0,62	0,16
0,6	0,14
0,52	0,15
0,6	0,16
0,58	0,19
0,63	0,14
0,56	0,15
0,54	0,15
0,52	0,17
0,53	0,13
0,46	0,14
0,51	0,19
0,46	0,15
0,48	0,15
0,5	0,12
0,45	0,15
0,44	0,18
0,47	0,12
0,51	0,1
0,42	0,17
0,35	0,15
0,39	0,18
0,38	0,17
0,36	0,15
0,37	0,18
0,37	0,16
0,42	0,14
0,35	0,17
0,3	0,15
0,33	0,17
0,31	0,15
0,24	0,16
0,24	0,14
0,3	0,17
0,27	0,12
0,27	0,16
0,22	0,15
0,24	0,18
0,23	0,18
0,26	0,19
0,21	0,15
0,19	0,14
0,2	0,16
0,2	0,17
0,16	0,15
0,15	0,15
0,2	0,16
0,13	0,16
0,12	0,17
0,18	0,12
0,16	0,15
0,09	0,16
0,12	0,16
0,15	0,13
0,09	0,15
0,06	0,15
0,12	0,14
0,04	0,16
0,01	0,15
0,01	0,14
0,05	0,15
-0,02	0,15
-0,02	0,19
-0,05	0,15
