  0	  0
-0,03	0,13
-0,02	0,16
-0,05	0,15
-0,04	0,18
0,02	0,14
0,02	0,15
-0,01	0,12
-0,01	0,16
-0,04	0,15
0,02	0,17
0,03	0,15
0,14	0,13
0,07	0,16
0,11	0,12
0,1	0,13
0,03	0,16
0,12	0,18
0,16	0,12
0,13	0,12
0,07	0,15
0,22	0,16
0,24	0,12
0,18	0,18
0,2	0,19
0,22	0,13
0,23	0,17
0,24	0,18
0,24	0,17
0,33	0,14
0,27	0,14
0,26	0,15
0,34	0,16
0,29	0,17
0,31	0,17
0,32	0,13
0,33	0,17
0,35	0,17
0,35	0,18
0,37	0,15
0,35	0,16
0,38	0,13
0,45	0,16
0,41	0,15
0,42	0,18
0,44	0,15
0,46	0,19
0,46	0,15
0,48	0,17
0,46	0,14
0,49	0,18
0,46	0,15
0,51	0,16
0,54	0,14
0,62	0,13
0,57	0,13
0,57	0,19
0,64	0,15
0,55	0,15
0,61	0,17
0,61	0,18
0,63	0,19
0,63	0,17
0,7	0,16
0,73	0,14
0,73	0,16
0,61	0,16
0,71	0,13
0,73	0,13
0,73	0,14
0,73	0,18
0,72	0,17
0,76	0,16
0,77	0,13
0,78	0,2
0,77	0,16
0,82	0,19
0,85	0,14
0,84	0,2
0,83	0,17
0,85	0,21
0,92	0,16
0,94	0,17
0,84	0,16
0,89	0,2
0,9	0,21
0,89	0,17
0,95	0,2
0,89	0,17
0,95	0,17
0,96	0,19
0,96	0,23
1,03	0,21
0,99	0,23
0,99	0,21
1,03	0,2
1,03	0,21
1,03	0,23
1,04	0,22
1,1	0,21
1,09	0,24
1,1	0,21
1,1	0,22
1,07	0,23
1,14	0,22
1,17	0,26
1,11	0,26
1,17	0,27
1,09	0,25
1,2	0,31
1,13	0,27
1,18	0,27
1,23	0,33
1,21	0,29
1,23	0,3
1,23	0,3
1,29	0,32
1,29	0,35
1,28	0,33
1,29	0,31
1,26	0,32
1,31	0,32
1,34	0,33
1,36	0,34
1,36	0,36
1,38	0,34
1,39	0,31
1,39	0,34
1,4	0,36
1,42	0,37
1,45	0,33
1,41	0,36
1,45	0,36
1,46	0,39
1,47	0,37
1,5	0,36
1,51	0,34
1,52	0,39
1,51	0,37
1,53	0,37
1,48	0,36
1,5	0,37
1,61	0,38
1,59	0,36
1,59	0,37
1,61	0,38
1,54	0,37
1,63	0,35
1,7	0,38
1,65	0,38
1,74	0,38
1,67	0,38
1,7	0,38
1,76	0,38
1,7	0,38
1,71	0,35
1,75	0,37
1,73	0,38
1,72	0,38
1,75	0,38
1,77	0,37
1,87	0,38
1,72	0,37
1,8	0,38
1,83	0,41
1,85	0,36
1,77	0,37
1,87	0,37
1,88	0,37
1,84	0,38
1,94	0,39
1,96	0,4
1,89	0,38
1,92	0,38
1,9	0,38
1,94	0,38
1,94	0,38
1,98	0,42
1,93	0,38
1,98	0,38
  2	0,4
  2	0,39
2,04	0,38
2,06	0,38
2,07	0,35
1,98	0,37
2,14	0,38
  2	0,38
2,16	0,38
2,04	0,38
2,12	0,37
2,14	0,41
2,22	0,37
2,14	0,38
2,19	0,38
2,19	0,4
2,23	0,39
2,21	0,36
2,22	0,42
2,15	0,38
2,23	0,39
2,28	0,39
2,27	0,38
2,36	0,39
2,32	0,4
2,33	0,39
2,33	0,38
2,26	0,38
2,28	0,38
2,34	0,39
2,37	0,36
2,34	0,39
2,39	0,36
2,41	0,36
2,4	0,38
2,45	0,39
2,41	0,39
2,44	0,41
2,45	0,38
2,5	0,39
2,41	0,38
2,48	0,4
2,44	0,38
2,59	0,39
2,61	0,39
2,61	0,39
2,56	0,36
2,52	0,38
2,58	0,37
2,58	0,37
2,59	0,39
2,6	0,4
2,63	0,39
2,63	0,36
2,64	0,39
2,58	0,38
2,64	0,38
2,72	0,38
2,7	0,36
2,69	0,39
2,71	0,37
2,7	0,39
2,72	0,39
2,73	0,4
2,75	0,41
2,77	0,38
2,8	0,39
2,78	0,39
2,81	0,42
2,81	0,39
2,91	0,39
2,92	0,39
2,82	0,38
2,87	0,39
2,86	0,41
2,9	0,38
2,9	0,39
2,9	0,39
2,91	0,39
2,93	0,42
2,95	0,39
2,96	0,36
2,97	0,39
3,01	0,39
2,92	0,38
3,05	0,39
3,02	0,36
3,05	0,36
3,03	0,39
3,11	0,39
3,03	0,39
2,98	0,38
3,08	0,41
3,12	0,36
3,11	0,38
3,11	0,39
3,11	0,41
3,13	0,36
3,2	0,39
3,19	0,39
3,17	0,38
3,17	0,4
3,17	0,39
3,21	0,36
3,24	0,39
3,22	0,39
3,25	0,38
3,24	0,4
3,25	0,39
3,2	0,38
3,34	0,39
3,3	0,38
3,31	0,39
3,31	0,38
3,34	0,36
3,28	0,38
3,28	0,38
3,34	0,39
3,42	0,39
3,43	0,39
3,41	0,37
3,43	0,38
3,42	0,39
3,45	0,41
3,47	0,36
3,45	0,39
3,46	0,39
3,52	0,39
3,49	0,39
3,51	0,41
3,5	0,4
3,54	0,36
3,55	0,36
3,55	0,4
3,63	0,39
3,64	0,39
3,57	0,4
3,61	0,38
3,61	0,37
3,63	0,41
3,64	0,36
3,7	0,39
3,66	0,39
3,68	0,41
3,68	0,38
3,63	0,38
3,72	0,41
3,71	0,38
3,71	0,38
3,81	0,39
3,77	0,36
3,72	0,39
3,78	0,41
3,78	0,4
3,78	0,39
3,78	0,39
3,77	0,38
3,85	0,39
3,84	0,38
3,88	0,39
3,86	0,39
3,89	0,42
3,93	0,39
3,91	0,36
3,99	0,39
3,92	0,38
3,94	0,41
3,96	0,39
3,99	0,39
3,97	0,37
3,97	0,39
4,01	0,36
4,02	0,39
4,04	0,37
4,03	0,39
4,05	0,38
3,98	0,38
4,03	0,38
4,07	0,4
4,1	0,36
4,03	0,38
4,15	0,4
4,13	0,36
4,12	0,38
4,15	0,37
4,17	0,37
4,17	0,38
4,17	0,39
4,13	0,36
4,19	0,38
4,24	0,37
4,22	0,41
4,22	0,39
4,25	0,39
4,25	0,4
4,29	0,4
4,22	0,38
4,28	0,38
4,31	0,38
4,32	0,4
4,33	0,41
4,28	0,38
4,36	0,39
4,33	0,39
4,39	0,42
4,4	0,36
4,36	0,39
4,41	0,4
4,43	0,36
4,38	0,39
4,43	0,39
4,45	0,39
4,46	0,39
4,43	0,38
4,52	0,39
4,5	0,39
4,54	0,39
4,54	0,38
4,57	0,37
4,55	0,38
4,55	0,4
4,57	0,38
4,59	0,42
4,61	0,36
4,59	0,39
4,6	0,43
4,58	0,39
4,57	0,36
4,55	0,38
4,51	0,4
4,49	0,38
4,46	0,38
4,52	0,39
4,44	0,41
4,44	0,4
4,44	0,36
4,41	0,39
4,42	0,44
4,4	0,41
4,34	0,38
4,39	0,38
4,39	0,37
4,35	0,38
4,34	0,36
4,42	0,39
4,41	0,39
4,3	0,41
4,28	0,39
4,29	0,36
4,24	0,38
4,26	0,39
4,28	0,36
4,27	0,39
4,16	0,38
4,19	0,38
4,22	0,42
4,21	0,36
4,11	0,37
4,17	0,36
4,16	0,4
4,14	0,39
4,13	0,39
4,13	0,39
4,13	0,36
4,09	0,39
4,15	0,4
4,1	0,37
4,08	0,38
4,06	0,4
4,06	0,36
4,02	0,39
4,1	0,39
4,06	0,38
  4	0,42
4,06	0,38
4,02	0,39
3,99	0,39
3,94	0,41
3,94	0,38
3,93	0,38
3,91	0,41
3,89	0,39
3,9	0,37
3,81	0,38
3,79	0,38
3,93	0,39
3,88	0,38
3,84	0,39
3,83	0,38
3,81	0,36
3,81	0,4
3,8	0,36
3,76	0,39
3,77	0,41
3,68	0,38
3,76	0,39
3,72	0,39
3,65	0,38
3,69	0,39
3,71	0,36
3,7	0,37
3,64	0,37
3,66	0,39
3,72	0,39
3,63	0,41
3,61	0,38
3,64	0,39
3,61	0,39
3,58	0,4
3,65	0,39
3,53	0,38
3,56	0,38
3,55	0,4
3,54	0,39
3,51	0,39
3,55	0,42
3,51	0,38
3,45	0,39
3,52	0,38
3,52	0,38
3,52	0,39
3,36	0,38
3,45	0,39
3,42	0,38
3,45	0,39
3,39	0,36
3,38	0,41
3,36	0,39
3,38	0,39
3,27	0,38
3,34	0,36
3,32	0,4
3,36	0,38
3,31	0,35
3,3	0,37
3,28	0,38
3,26	0,39
3,33	0,38
3,19	0,38
3,24	0,38
3,29	0,39
3,22	0,39
3,15	0,38
3,19	0,42
3,17	0,39
3,16	0,38
3,16	0,39
3,2	0,39
3,06	0,38
3,03	0,38
3,09	0,39
3,16	0,39
3,11	0,38
3,05	0,39
3,02	0,39
3,03	0,4
3,03	0,44
3,03	0,41
3,08	0,39
2,99	0,4
2,96	0,39
2,97	0,41
2,91	0,38
3,02	0,38
2,95	0,37
2,94	0,37
2,93	0,38
2,93	0,39
2,88	0,39
2,94	0,39
2,86	0,39
2,8	0,38
2,84	0,41
2,84	0,36
2,84	0,37
2,83	0,39
2,8	0,41
2,8	0,36
2,7	0,38
2,8	0,39
2,76	0,38
2,75	0,36
2,81	0,39
2,73	0,37
2,74	0,39
2,67	0,39
2,61	0,38
2,66	0,39
2,67	0,39
2,59	0,38
2,66	0,37
2,68	0,39
2,61	0,4
2,6	0,39
2,58	0,4
2,55	0,38
2,57	0,37
2,57	0,36
2,56	0,36
2,54	0,42
2,51	0,41
2,54	0,39
2,5	0,39
2,5	0,36
2,5	0,41
2,45	0,4
2,47	0,39
2,46	0,39
2,51	0,39
2,42	0,4
2,48	0,39
2,39	0,4
2,36	0,41
2,39	0,39
2,43	0,39
2,34	0,4
2,33	0,4
2,26	0,38
2,32	0,4
2,34	0,39
2,3	0,41
2,27	0,39
2,26	0,42
2,23	0,38
2,25	0,41
2,25	0,38
2,22	0,39
2,29	0,39
2,18	0,39
2,18	0,42
2,17	0,42
2,18	0,39
2,15	0,39
2,12	0,4
2,14	0,39
2,11	0,4
2,11	0,38
2,11	0,34
2,07	0,39
2,14	0,39
2,06	0,38
2,09	0,38
2,04	0,35
2,03	0,36
1,94	0,38
2,08	0,39
1,97	0,38
1,98	0,38
1,93	0,38
1,96	0,39
1,93	0,4
1,85	0,38
1,91	0,38
1,9	0,4
1,97	0,39
1,87	0,4
1,86	0,38
1,86	0,38
1,84	0,36
1,76	0,38
1,84	0,38
1,86	0,39
1,81	0,38
1,87	0,38
1,75	0,38
1,76	0,38
1,81	0,38
1,7	0,38
1,73	0,36
1,71	0,35
1,65	0,38
1,77	0,39
1,65	0,38
1,67	0,38
1,65	0,38
1,65	0,36
1,59	0,37
1,62	0,36
1,61	0,4
1,61	0,35
1,61	0,37
1,57	0,37
1,51	0,37
1,57	0,37
1,61	0,38
1,51	0,37
1,51	0,39
1,53	0,38
1,51	0,39
1,44	0,37
1,5	0,37
1,53	0,38
1,5	0,38
1,48	0,38
1,43	0,4
1,41	0,38
1,42	0,39
1,48	0,37
1,37	0,36
1,36	0,34
1,38	0,36
1,42	0,36
1,32	0,35
1,24	0,35
1,29	0,34
1,38	0,36
1,22	0,34
1,28	0,35
1,3	0,34
1,25	0,35
1,26	0,34
1,28	0,34
1,24	0,33
1,18	0,34
1,21	0,33
1,19	0,31
1,08	0,31
1,15	0,3
1,23	0,31
1,15	0,3
1,12	0,3
1,11	0,3
1,12	0,29
1,06	0,29
1,02	0,28
1,08	0,25
1,06	0,29
1,04	0,27
0,98	0,26
1,04	0,26
1,08	0,24
  1	0,28
0,98	0,23
0,96	0,26
0,96	0,23
0,95	0,23
0,93	0,25
  1	0,23
0,89	0,21
0,92	0,22
0,93	0,22
0,87	0,21
0,89	0,2
0,85	0,2
0,83	0,23
0,92	0,19
0,84	0,17
0,83	0,2
0,8	0,19
0,75	0,17
0,79	0,19
0,78	0,18
0,77	0,19
0,76	0,16
0,79	0,18
0,72	0,18
0,71	0,17
0,72	0,19
0,62	0,16
0,68	0,15
0,66	0,2
0,65	0,15
0,65	0,18
0,62	0,18
0,62	0,13
0,6	0,17
0,61	0,18
0,6	0,16
0,57	0,18
0,5	0,17
0,55	0,17
0,54	0,19
0,49	0,15
0,54	0,17
0,51	0,21
0,49	0,14
0,46	0,15
0,48	0,14
0,46	0,19
0,46	0,13
0,44	0,14
0,43	0,14
0,38	0,15
0,39	0,17
0,46	0,14
0,38	0,15
0,37	0,21
0,34	0,17
0,32	0,18
0,34	0,16
0,36	0,15
0,25	0,15
0,26	0,15
0,28	0,17
0,25	0,15
0,31	0,15
0,16	0,15
0,2	0,15
0,24	0,17
0,24	0,13
0,2	0,17
0,2	0,17
0,18	0,15
0,16	0,19
0,23	0,13
0,1	0,14
0,13	0,15
0,12	0,15
0,18	0,13
0,1	0,19
0,12	0,16
0,04	0,15
0,05	0,18
0,08	0,16
-0,03	0,16
0,14	0,14
0,1	0,13
  0	0,17
0,03	0,16
0,01	0,17
-0,02	0,16
