  0	  0
-0,03	0,17
-0,02	0,18
  0	0,17
-0,04	0,14
0,04	0,14
-0,05	0,16
-0,02	0,16
0,04	0,17
0,01	0,18
-0,01	0,15
-0,02	0,16
0,07	0,16
0,05	0,16
0,09	0,16
0,1	0,2
0,1	0,19
0,07	0,16
0,13	0,16
0,15	0,15
0,14	0,16
0,16	0,18
0,16	0,2
0,2	0,2
0,23	0,19
0,13	0,18
0,27	0,19
0,23	0,19
0,24	0,18
0,25	0,22
0,25	0,19
0,27	0,23
0,33	0,17
0,34	0,21
0,26	0,21
0,39	0,22
0,34	0,19
0,32	0,2
0,35	0,22
0,42	0,24
0,36	0,23
0,35	0,23
0,42	0,24
0,4	0,25
0,42	0,25
0,4	0,25
0,45	0,23
0,39	0,26
0,41	0,26
0,51	0,29
0,5	0,29
0,52	0,29
0,52	0,34
0,52	0,31
0,53	0,31
0,55	0,31
0,57	0,29
0,56	0,32
0,66	0,34
0,66	0,33
0,62	0,31
0,62	0,32
0,64	0,34
0,65	0,34
0,65	0,34
0,68	0,35
0,67	0,36
0,76	0,35
0,72	0,34
0,76	0,36
0,81	0,36
0,67	0,36
0,71	0,36
0,76	0,34
0,73	0,36
0,81	0,36
0,87	0,37
0,82	0,35
0,84	0,35
0,9	0,38
0,93	0,38
0,87	0,4
0,89	0,38
0,93	0,38
0,89	0,35
0,95	0,38
0,94	0,38
0,92	0,38
1,01	0,37
0,93	0,38
0,95	0,38
0,98	0,37
0,99	0,39
0,98	0,38
1,09	0,38
1,03	0,39
1,05	0,36
1,05	0,38
1,03	0,37
1,07	0,38
1,07	0,4
1,17	0,39
1,05	0,38
1,11	0,36
1,14	0,38
1,14	0,38
1,14	0,37
1,23	0,39
1,2	0,38
1,19	0,38
1,14	0,37
1,2	0,38
1,23	0,37
1,22	0,39
1,25	0,35
1,32	0,39
1,26	0,39
1,28	0,37
1,29	0,41
1,26	0,38
1,38	0,39
1,37	0,39
1,41	0,38
1,35	0,41
1,4	0,39
1,37	0,39
1,34	0,38
1,4	0,37
1,4	0,37
1,42	0,41
1,42	0,38
1,52	0,38
1,37	0,37
1,4	0,38
1,48	0,38
1,5	0,41
1,51	0,38
1,48	0,36
1,54	0,38
1,57	0,4
1,54	0,38
1,55	0,38
1,64	0,39
1,56	0,4
1,57	0,4
1,57	0,39
1,62	0,38
1,63	0,39
1,64	0,39
1,64	0,38
1,65	0,36
1,68	0,37
1,67	0,39
1,67	0,38
1,63	0,38
1,69	0,39
1,69	0,39
1,73	0,4
1,76	0,37
1,67	0,38
1,73	0,38
1,78	0,38
1,79	0,39
1,83	0,37
1,82	0,39
1,85	0,39
1,84	0,39
1,86	0,39
1,84	0,39
1,89	0,36
1,81	0,38
1,92	0,38
1,94	0,39
1,91	0,4
1,92	0,4
1,97	0,37
1,97	0,36
1,91	0,38
  2	0,42
  2	0,38
2,07	0,39
  2	0,39
2,04	0,36
2,03	0,4
2,01	0,39
2,02	0,38
2,08	0,39
2,09	0,4
2,11	0,38
2,13	0,38
2,12	0,39
2,06	0,38
2,14	0,4
2,16	0,42
2,21	0,39
2,18	0,38
2,18	0,39
2,2	0,36
2,2	0,39
2,22	0,39
2,24	0,36
2,27	0,39
2,28	0,38
2,28	0,39
2,31	0,39
2,28	0,4
2,31	0,41
2,22	0,38
2,26	0,38
2,28	0,38
2,44	0,38
2,45	0,39
2,38	0,37
2,38	0,36
2,33	0,39
2,43	0,35
2,39	0,38
2,45	0,38
2,46	0,38
2,47	0,38
2,45	0,39
2,53	0,4
2,48	0,39
2,49	0,39
2,53	0,34
2,53	0,37
2,55	0,4
2,61	0,38
2,55	0,39
2,56	0,4
2,52	0,38
2,53	0,38
2,69	0,39
2,55	0,38
2,64	0,38
2,59	0,37
2,58	0,38
2,7	0,39
2,64	0,38
2,68	0,38
2,7	0,42
2,73	0,37
2,73	0,38
2,76	0,38
2,76	0,37
2,74	0,36
2,72	0,38
2,8	0,39
2,76	0,41
2,8	0,39
2,81	0,36
2,82	0,4
2,86	0,4
2,89	0,39
2,84	0,38
2,95	0,39
2,85	0,38
2,92	0,39
2,92	0,36
  3	0,39
2,94	0,36
2,96	0,36
2,95	0,39
2,97	0,39
2,94	0,38
3,05	0,39
3,02	0,39
3,03	0,37
3,03	0,38
3,05	0,38
3,06	0,38
3,05	0,39
3,08	0,36
3,2	0,39
3,11	0,42
3,12	0,36
3,08	0,38
3,15	0,36
3,08	0,38
3,16	0,38
3,17	0,38
3,19	0,42
3,19	0,4
3,22	0,38
3,15	0,38
3,23	0,37
3,23	0,39
3,24	0,38
3,33	0,39
3,25	0,39
3,28	0,38
3,31	0,36
3,23	0,38
3,31	0,39
3,32	0,42
3,34	0,39
3,34	0,4
3,38	0,39
3,4	0,39
3,42	0,39
3,39	0,39
3,4	0,41
3,52	0,39
3,38	0,38
3,44	0,39
3,47	0,36
3,47	0,41
3,55	0,38
3,47	0,39
3,51	0,38
3,5	0,39
3,53	0,39
3,52	0,39
3,56	0,36
3,56	0,38
3,63	0,38
3,58	0,39
3,61	0,42
3,6	0,38
3,64	0,43
3,56	0,38
3,64	0,38
3,67	0,38
3,68	0,4
3,69	0,36
3,7	0,42
3,63	0,37
3,78	0,39
3,69	0,38
3,75	0,4
3,78	0,39
3,77	0,39
3,75	0,39
3,81	0,39
3,86	0,39
3,85	0,39
3,83	0,41
3,86	0,39
3,86	0,39
3,86	0,36
3,88	0,36
3,96	0,39
3,89	0,39
3,84	0,38
3,93	0,37
3,92	0,39
3,93	0,4
3,99	0,39
3,96	0,39
3,99	0,37
4,05	0,39
3,99	0,39
3,98	0,39
4,1	0,39
4,03	0,39
4,11	0,39
4,05	0,41
4,07	0,42
4,08	0,39
4,08	0,39
4,1	0,36
4,18	0,39
4,13	0,39
4,08	0,38
4,17	0,37
4,17	0,42
4,17	0,37
4,18	0,39
4,2	0,38
4,21	0,34
4,27	0,39
4,17	0,38
4,25	0,38
4,25	0,41
4,27	0,39
4,26	0,39
4,3	0,39
4,27	0,38
4,3	0,4
4,3	0,39
4,33	0,37
4,34	0,39
4,36	0,39
4,35	0,39
4,37	0,39
4,38	0,41
4,38	0,42
4,43	0,36
4,4	0,39
4,45	0,37
4,46	0,36
4,46	0,41
4,56	0,39
4,46	0,4
4,5	0,36
4,5	0,4
4,53	0,38
4,53	0,39
4,57	0,38
4,57	0,39
4,58	0,4
4,57	0,39
4,67	0,39
4,6	0,42
4,66	0,4
4,57	0,39
4,5	0,38
4,56	0,39
4,55	0,39
4,49	0,39
4,51	0,39
4,47	0,37
4,44	0,4
4,46	0,37
4,44	0,38
4,44	0,37
4,35	0,37
4,46	0,36
4,38	0,39
4,35	0,39
4,32	0,38
4,41	0,39
4,33	0,38
4,36	0,37
4,32	0,38
4,25	0,38
4,32	0,37
4,27	0,38
4,37	0,39
4,28	0,36
4,22	0,38
4,25	0,39
4,26	0,37
4,17	0,38
4,21	0,39
4,19	0,39
4,11	0,38
4,17	0,41
4,16	0,41
4,17	0,39
4,14	0,36
4,13	0,39
4,13	0,39
4,09	0,39
4,02	0,38
4,08	0,39
4,1	0,39
4,06	0,4
4,13	0,39
4,01	0,38
4,1	0,39
4,04	0,38
4,02	0,42
3,99	0,39
3,98	0,4
3,96	0,39
3,95	0,38
3,96	0,38
3,92	0,39
3,91	0,41
3,91	0,38
3,91	0,39
3,88	0,4
3,88	0,39
3,86	0,41
3,86	0,38
3,84	0,38
3,82	0,39
3,81	0,38
3,81	0,39
3,78	0,4
3,83	0,39
3,74	0,39
3,76	0,35
3,74	0,39
3,67	0,38
3,72	0,39
3,72	0,38
3,64	0,38
3,77	0,39
3,69	0,39
3,66	0,4
3,63	0,36
3,72	0,39
3,63	0,38
3,62	0,42
3,61	0,39
3,58	0,41
3,59	0,38
3,57	0,41
3,52	0,38
3,57	0,38
3,5	0,38
3,54	0,35
3,55	0,39
3,52	0,42
3,57	0,39
3,49	0,42
3,5	0,39
3,47	0,39
3,46	0,39
3,44	0,39
3,44	0,42
3,45	0,39
3,42	0,38
3,39	0,4
3,39	0,4
3,37	0,38
3,36	0,38
3,3	0,38
3,32	0,4
3,4	0,39
3,31	0,42
3,29	0,39
3,3	0,4
3,29	0,38
3,34	0,39
3,33	0,39
3,23	0,38
3,22	0,39
3,16	0,38
3,22	0,36
3,25	0,39
3,12	0,38
3,16	0,38
3,23	0,39
3,12	0,39
3,16	0,39
3,14	0,37
3,1	0,38
3,14	0,39
3,01	0,38
3,08	0,38
  3	0,38
3,07	0,36
3,05	0,39
3,05	0,38
3,09	0,39
3,03	0,39
  3	0,4
2,95	0,39
2,96	0,41
2,97	0,36
2,91	0,38
2,95	0,39
2,89	0,38
2,91	0,38
2,87	0,38
2,88	0,39
2,88	0,39
2,87	0,4
2,85	0,41
2,86	0,37
2,78	0,39
2,84	0,36
2,71	0,38
2,83	0,39
2,85	0,38
2,78	0,41
2,73	0,39
2,7	0,38
2,76	0,37
2,8	0,39
2,73	0,38
2,66	0,39
2,7	0,38
2,76	0,39
2,61	0,38
2,64	0,39
2,65	0,37
2,69	0,38
2,58	0,38
2,6	0,39
2,53	0,38
2,67	0,39
2,59	0,42
2,57	0,4
2,55	0,38
2,47	0,38
2,5	0,39
2,6	0,38
2,51	0,36
2,49	0,39
2,5	0,4
2,48	0,4
2,47	0,38
2,42	0,39
2,52	0,39
2,44	0,37
2,37	0,38
2,39	0,38
2,31	0,38
2,37	0,39
2,37	0,38
2,35	0,4
2,35	0,37
2,33	0,38
2,33	0,38
2,25	0,38
2,29	0,39
2,29	0,37
2,27	0,39
2,28	0,37
2,26	0,36
2,25	0,38
2,3	0,39
2,14	0,38
2,19	0,39
2,2	0,36
2,19	0,4
2,25	0,39
2,13	0,39
2,2	0,39
2,12	0,38
2,16	0,39
2,12	0,36
2,17	0,39
2,09	0,36
2,07	0,39
2,06	0,39
2,04	0,39
2,04	0,44
2,03	0,39
  2	0,38
2,02	0,36
1,98	0,37
1,98	0,41
2,02	0,39
1,95	0,39
1,89	0,38
1,93	0,39
1,92	0,37
1,93	0,36
1,89	0,39
1,89	0,39
1,89	0,39
1,89	0,38
1,87	0,37
1,86	0,36
1,76	0,38
1,81	0,39
1,82	0,39
1,81	0,38
1,8	0,42
1,77	0,4
1,7	0,38
1,83	0,39
1,81	0,39
1,66	0,38
1,71	0,4
1,72	0,39
1,68	0,38
1,68	0,39
1,68	0,36
1,7	0,39
1,64	0,39
1,59	0,38
1,7	0,39
1,59	0,38
1,52	0,38
1,51	0,38
1,63	0,39
1,57	0,38
1,51	0,38
1,55	0,38
1,57	0,39
1,53	0,36
1,55	0,39
1,5	0,38
1,48	0,42
1,39	0,38
1,46	0,38
1,45	0,42
1,45	0,36
1,46	0,38
1,45	0,39
1,42	0,38
1,41	0,35
1,41	0,39
1,4	0,39
1,38	0,35
1,34	0,4
1,35	0,39
1,34	0,36
1,32	0,36
1,32	0,38
1,28	0,4
1,26	0,39
1,28	0,34
1,26	0,38
1,23	0,39
1,24	0,36
1,22	0,36
1,18	0,4
1,23	0,39
1,19	0,35
1,15	0,38
1,19	0,38
1,11	0,38
1,21	0,39
1,14	0,38
1,14	0,37
1,09	0,38
1,12	0,39
1,09	0,41
1,12	0,39
1,06	0,35
1,01	0,38
1,04	0,35
1,01	0,38
1,01	0,38
1,04	0,38
0,99	0,39
0,98	0,36
1,03	0,38
0,89	0,38
0,95	0,42
0,97	0,38
0,9	0,38
0,9	0,37
0,84	0,37
0,88	0,39
0,84	0,37
0,85	0,39
0,93	0,38
0,84	0,39
0,81	0,38
0,77	0,4
0,81	0,37
0,78	0,36
0,72	0,37
0,85	0,38
0,74	0,37
0,67	0,37
0,74	0,37
0,77	0,38
0,63	0,36
0,7	0,36
0,7	0,34
0,66	0,37
0,67	0,34
0,65	0,36
0,64	0,38
0,62	0,34
0,62	0,39
0,58	0,35
0,66	0,36
0,56	0,35
0,62	0,35
0,56	0,35
0,57	0,35
0,52	0,36
0,52	0,34
0,51	0,33
0,51	0,29
0,5	0,3
0,48	0,32
0,52	0,33
0,44	0,32
0,45	0,31
0,44	0,31
0,42	0,32
0,4	0,29
0,4	0,27
0,37	0,31
0,37	0,29
0,42	0,27
0,37	0,24
0,35	0,27
0,34	0,24
0,31	0,23
0,29	0,26
0,29	0,24
0,28	0,23
0,27	0,2
0,33	0,22
0,23	0,23
0,18	0,2
0,18	0,2
0,21	0,22
0,26	0,2
0,26	0,21
0,21	0,21
0,16	0,23
0,19	0,2
0,14	0,23
0,14	0,2
0,13	0,15
0,1	0,18
0,1	0,22
0,1	0,21
0,07	0,15
0,16	0,16
0,04	0,19
0,04	0,21
0,05	0,19
-0,04	0,16
0,01	0,2
  0	0,18
-0,04	0,16
-0,02	0,17
