  0	  0
-0,04	0,23
-0,05	0,26
-0,06	0,25
-0,05	0,26
-0,07	0,25
-0,04	0,24
-0,01	0,29
0,07	0,26
0,03	0,27
0,01	0,25
-0,02	0,25
-0,01	0,26
0,16	0,28
0,05	0,28
0,1	0,32
0,09	0,3
0,12	0,28
0,08	0,31
0,13	0,32
0,13	0,33
0,16	0,34
0,21	0,34
0,14	0,34
0,16	0,34
0,2	0,35
0,26	0,32
0,13	0,34
0,26	0,32
0,25	0,35
0,27	0,35
0,27	0,35
0,3	0,33
0,31	0,36
0,31	0,39
0,26	0,36
0,33	0,37
0,35	0,4
0,34	0,37
0,37	0,4
0,38	0,36
0,39	0,37
0,38	0,37
0,42	0,34
0,42	0,37
0,45	0,39
0,42	0,37
0,46	0,36
0,43	0,37
0,56	0,38
0,5	0,4
0,45	0,37
0,43	0,37
0,54	0,36
0,55	0,36
0,57	0,34
0,56	0,38
0,59	0,4
0,58	0,38
0,51	0,37
0,61	0,37
0,63	0,38
0,63	0,38
0,68	0,38
0,65	0,39
0,66	0,37
0,69	0,41
0,71	0,35
0,71	0,35
0,7	0,38
0,72	0,39
0,77	0,38
0,83	0,38
0,71	0,38
0,79	0,37
0,77	0,38
0,72	0,38
0,78	0,37
0,81	0,38
0,84	0,38
0,85	0,38
0,85	0,37
0,89	0,34
0,87	0,38
0,91	0,37
0,82	0,38
0,93	0,36
0,99	0,39
0,93	0,38
0,96	0,4
0,92	0,38
0,96	0,39
0,96	0,38
0,98	0,39
1,01	0,36
1,02	0,38
1,04	0,39
1,13	0,39
1,14	0,39
1,08	0,38
1,03	0,38
1,09	0,4
1,1	0,35
1,1	0,4
1,12	0,39
1,21	0,39
1,18	0,39
1,15	0,41
1,17	0,4
1,15	0,38
1,2	0,36
1,2	0,39
1,21	0,36
1,21	0,4
1,25	0,36
1,25	0,4
1,28	0,37
1,28	0,36
1,28	0,39
1,26	0,38
1,32	0,42
1,29	0,39
1,32	0,41
1,26	0,38
1,36	0,39
1,36	0,39
1,39	0,38
1,39	0,36
1,41	0,36
1,43	0,36
1,42	0,38
1,47	0,38
1,48	0,38
1,51	0,39
1,57	0,39
1,46	0,4
1,47	0,38
1,48	0,4
1,53	0,39
1,54	0,36
1,57	0,39
1,54	0,41
1,59	0,39
1,58	0,39
1,58	0,4
1,62	0,42
1,62	0,41
1,59	0,38
1,65	0,38
1,67	0,39
1,65	0,38
1,68	0,4
1,7	0,4
1,68	0,4
1,7	0,39
1,72	0,42
1,72	0,39
1,75	0,36
1,77	0,39
1,76	0,39
1,78	0,37
1,76	0,38
1,84	0,39
1,87	0,39
1,84	0,41
1,84	0,38
1,82	0,39
1,86	0,39
1,79	0,38
1,83	0,39
1,9	0,35
1,91	0,39
1,87	0,39
1,92	0,36
1,94	0,42
1,94	0,39
1,92	0,38
1,98	0,39
  2	0,34
1,98	0,39
1,99	0,39
1,94	0,39
2,11	0,4
2,01	0,39
2,08	0,36
2,01	0,38
2,09	0,39
2,04	0,39
2,1	0,38
2,11	0,39
2,12	0,4
2,17	0,39
2,12	0,39
2,15	0,39
2,16	0,39
2,19	0,41
2,22	0,38
2,15	0,38
2,23	0,38
2,27	0,39
2,24	0,38
2,22	0,38
2,22	0,39
2,24	0,38
2,3	0,36
2,29	0,37
2,25	0,39
2,36	0,39
2,34	0,42
2,36	0,42
2,34	0,38
2,36	0,36
2,37	0,39
2,31	0,38
2,39	0,38
2,37	0,4
2,42	0,4
2,44	0,42
2,48	0,39
2,45	0,38
2,5	0,36
2,57	0,39
2,48	0,39
2,51	0,36
2,54	0,35
2,53	0,4
2,47	0,38
2,64	0,39
2,5	0,37
2,59	0,36
2,6	0,39
2,59	0,41
2,58	0,39
2,62	0,39
2,63	0,39
2,63	0,39
2,66	0,38
2,65	0,39
2,67	0,39
2,62	0,38
2,69	0,39
2,72	0,36
2,73	0,39
2,76	0,36
2,75	0,37
2,69	0,38
2,74	0,39
2,86	0,39
2,81	0,36
2,8	0,4
2,84	0,39
2,76	0,38
2,83	0,39
2,93	0,39
2,79	0,38
2,82	0,38
2,91	0,42
2,9	0,4
2,91	0,39
2,94	0,39
2,91	0,38
2,92	0,39
2,99	0,39
2,97	0,37
2,98	0,39
2,99	0,4
3,05	0,39
2,97	0,38
3,03	0,4
3,09	0,39
3,05	0,37
3,14	0,39
3,14	0,39
3,09	0,39
3,1	0,36
3,12	0,38
3,12	0,4
3,13	0,39
3,18	0,39
3,17	0,39
3,23	0,39
3,17	0,4
3,2	0,39
3,2	0,38
3,22	0,4
3,24	0,39
3,23	0,39
3,24	0,41
3,26	0,39
3,27	0,38
3,28	0,39
3,22	0,38
3,38	0,39
3,33	0,39
3,33	0,39
3,42	0,39
3,37	0,37
3,38	0,37
3,42	0,39
3,38	0,39
3,41	0,37
3,42	0,36
3,42	0,36
3,42	0,39
3,46	0,4
3,47	0,38
3,47	0,36
3,5	0,37
3,42	0,38
3,47	0,39
3,52	0,38
3,55	0,36
3,55	0,38
3,63	0,39
3,58	0,38
3,55	0,36
3,64	0,38
3,61	0,42
3,62	0,36
3,64	0,39
3,68	0,39
3,66	0,37
3,66	0,42
3,75	0,39
3,7	0,39
3,62	0,38
3,74	0,39
3,78	0,39
3,71	0,39
3,73	0,37
3,74	0,39
3,7	0,38
3,7	0,38
3,8	0,38
3,8	0,39
3,82	0,36
3,81	0,39
3,83	0,37
3,86	0,4
3,88	0,37
3,82	0,38
3,87	0,4
3,89	0,38
3,89	0,4
3,93	0,39
3,92	0,39
3,95	0,36
3,88	0,38
3,97	0,41
3,99	0,36
3,97	0,4
3,99	0,39
4,02	0,4
4,04	0,39
3,97	0,38
4,11	0,39
3,98	0,38
4,05	0,39
4,15	0,39
4,1	0,38
4,16	0,39
4,12	0,36
4,08	0,38
4,13	0,39
4,11	0,39
4,1	0,38
4,24	0,39
4,1	0,38
4,18	0,39
4,27	0,39
4,29	0,39
4,22	0,41
4,19	0,38
4,21	0,38
4,33	0,38
4,28	0,38
4,25	0,39
4,31	0,42
4,36	0,4
4,32	0,4
4,32	0,41
4,35	0,36
4,38	0,39
4,37	0,36
4,37	0,41
4,41	0,38
4,43	0,39
4,43	0,38
4,44	0,39
4,45	0,37
4,46	0,37
4,46	0,4
4,49	0,4
4,49	0,36
4,49	0,38
4,52	0,41
4,52	0,4
4,58	0,38
4,51	0,39
4,6	0,39
4,56	0,38
4,58	0,36
4,58	0,39
4,63	0,39
4,6	0,36
4,63	0,42
4,58	0,38
4,57	0,36
4,57	0,39
4,44	0,38
4,5	0,36
4,51	0,4
4,41	0,38
4,47	0,39
4,44	0,36
4,43	0,38
4,44	0,36
4,4	0,4
4,36	0,38
4,37	0,38
4,38	0,39
4,39	0,36
4,35	0,38
4,33	0,39
4,35	0,39
4,39	0,39
4,32	0,38
4,32	0,39
4,29	0,36
4,31	0,38
4,29	0,39
4,27	0,35
4,24	0,39
4,18	0,38
4,22	0,41
4,2	0,4
4,21	0,4
4,17	0,39
4,24	0,39
4,12	0,38
4,14	0,4
4,11	0,39
4,14	0,36
4,09	0,39
4,07	0,37
4,1	0,37
4,13	0,39
4,07	0,39
4,1	0,39
4,1	0,37
4,05	0,36
4,01	0,39
4,02	0,38
4,05	0,39
3,94	0,38
3,97	0,39
4,01	0,38
3,95	0,39
3,92	0,39
3,93	0,4
3,92	0,39
3,91	0,39
3,97	0,39
3,88	0,37
3,88	0,39
3,85	0,39
3,84	0,4
3,85	0,35
3,82	0,39
3,88	0,39
3,8	0,37
3,77	0,4
3,75	0,38
3,75	0,37
3,67	0,38
3,75	0,38
3,64	0,38
3,73	0,36
3,65	0,38
3,77	0,4
3,69	0,39
3,62	0,38
3,67	0,36
3,66	0,38
3,64	0,38
3,61	0,39
3,63	0,37
3,61	0,37
3,59	0,4
3,57	0,37
3,56	0,37
3,56	0,37
3,63	0,39
3,55	0,38
3,49	0,39
3,59	0,39
3,51	0,38
3,53	0,39
3,46	0,39
3,45	0,38
3,39	0,38
3,36	0,38
3,35	0,38
3,44	0,39
3,43	0,38
3,41	0,35
3,38	0,39
3,38	0,39
3,34	0,39
3,33	0,39
3,32	0,39
3,28	0,39
3,33	0,38
3,34	0,39
3,34	0,39
3,28	0,4
3,25	0,41
3,27	0,38
3,23	0,35
3,23	0,39
3,22	0,39
3,2	0,36
3,15	0,38
3,19	0,39
3,14	0,39
3,17	0,39
3,16	0,39
3,14	0,38
3,14	0,37
3,14	0,39
3,12	0,36
3,17	0,39
3,06	0,4
3,06	0,4
3,05	0,37
3,1	0,39
3,1	0,39
3,02	0,38
2,97	0,39
2,99	0,37
2,98	0,38
2,97	0,39
2,98	0,36
2,97	0,35
2,95	0,36
2,92	0,42
2,9	0,38
2,89	0,41
2,91	0,36
2,91	0,39
2,88	0,39
2,87	0,41
2,86	0,36
2,85	0,36
2,83	0,42
2,8	0,36
2,79	0,4
2,79	0,38
2,75	0,39
2,73	0,42
2,76	0,37
2,82	0,39
2,72	0,38
2,71	0,38
2,7	0,38
2,66	0,39
2,69	0,38
2,63	0,38
2,65	0,41
2,72	0,39
2,64	0,39
2,64	0,38
2,62	0,36
2,61	0,38
2,59	0,38
2,59	0,38
2,53	0,38
2,5	0,38
2,55	0,37
2,54	0,42
2,5	0,39
2,47	0,39
2,58	0,39
2,48	0,41
2,5	0,36
2,45	0,39
2,51	0,4
2,43	0,41
2,43	0,38
2,42	0,4
2,39	0,4
2,4	0,38
2,39	0,42
2,33	0,39
2,36	0,39
2,35	0,37
2,34	0,41
2,31	0,39
2,39	0,39
2,28	0,39
2,28	0,4
2,33	0,39
2,26	0,39
2,26	0,41
2,25	0,41
2,22	0,39
2,23	0,38
2,15	0,38
2,17	0,39
2,19	0,39
2,2	0,38
2,16	0,36
2,14	0,4
2,12	0,4
2,13	0,37
2,09	0,38
2,08	0,39
2,09	0,36
2,08	0,36
2,13	0,39
2,03	0,39
2,03	0,41
1,99	0,38
1,98	0,39
  2	0,39
1,94	0,38
1,98	0,39
1,9	0,38
1,93	0,39
1,93	0,39
1,96	0,39
1,95	0,41
1,92	0,4
1,9	0,39
1,9	0,37
1,88	0,39
1,86	0,38
1,87	0,42
1,84	0,39
1,79	0,37
1,92	0,39
1,81	0,39
1,81	0,36
1,87	0,39
1,78	0,38
1,78	0,36
1,77	0,42
1,82	0,39
1,76	0,39
1,71	0,38
1,73	0,36
1,7	0,4
1,7	0,36
1,76	0,39
1,67	0,38
1,64	0,38
1,58	0,38
1,62	0,41
1,63	0,37
1,62	0,38
1,61	0,39
1,56	0,39
1,58	0,39
1,54	0,39
1,45	0,38
1,52	0,4
1,52	0,39
1,49	0,39
1,51	0,38
1,5	0,42
1,51	0,39
1,44	0,39
1,46	0,39
1,46	0,38
1,45	0,39
1,5	0,39
1,46	0,39
1,39	0,42
1,39	0,37
1,37	0,4
1,35	0,37
1,36	0,38
1,34	0,38
1,34	0,36
1,33	0,37
1,28	0,38
1,26	0,39
1,31	0,4
1,26	0,39
1,24	0,38
1,25	0,38
1,31	0,39
1,17	0,38
1,2	0,38
1,17	0,39
1,2	0,39
1,16	0,38
1,09	0,38
1,17	0,37
1,12	0,42
1,14	0,38
1,21	0,39
1,09	0,38
1,05	0,38
1,09	0,37
1,06	0,4
1,06	0,38
1,06	0,38
0,96	0,38
1,04	0,39
1,05	0,39
1,02	0,37
0,96	0,38
0,99	0,39
  1	0,39
0,96	0,37
0,94	0,38
0,92	0,38
0,92	0,37
0,9	0,41
0,89	0,4
0,92	0,36
0,86	0,39
0,89	0,4
0,84	0,39
0,85	0,39
0,84	0,35
0,85	0,39
0,78	0,38
0,8	0,37
0,77	0,38
0,76	0,38
0,77	0,36
0,76	0,35
0,72	0,36
0,76	0,39
0,73	0,38
0,71	0,35
0,67	0,38
0,76	0,39
0,74	0,39
0,62	0,38
0,65	0,39
0,61	0,37
0,61	0,38
0,68	0,38
0,59	0,38
0,63	0,38
0,59	0,38
0,56	0,38
0,46	0,37
0,55	0,34
0,49	0,38
0,5	0,39
0,57	0,39
0,49	0,35
0,56	0,38
0,48	0,35
0,46	0,35
0,45	0,37
0,42	0,37
0,37	0,37
0,48	0,38
0,42	0,35
0,32	0,37
0,42	0,38
0,38	0,35
0,36	0,35
0,33	0,37
0,27	0,37
0,33	0,36
0,29	0,37
0,23	0,36
0,25	0,37
0,26	0,38
0,26	0,37
0,32	0,37
0,2	0,37
0,23	0,33
0,21	0,37
0,21	0,33
0,2	0,35
0,17	0,34
0,16	0,35
0,15	0,35
0,21	0,36
0,11	0,37
0,09	0,35
0,1	0,34
0,1	0,36
0,15	0,35
0,06	0,36
-0,01	0,31
0,05	0,33
0,05	0,33
0,02	0,32
0,02	0,31
-0,03	0,31
-0,01	0,33
-0,04	0,3
-0,08	0,29
