-0,04	  0
0,04	-0,03
-0,12	 -0
-0,11	-0,02
-0,03	-0,01
  0	-0,06
-0,02	0,01
-0,05	 -0
0,01	0,04
0,1	0,05
0,1	0,06
0,05	0,12
0,05	0,14
0,07	0,16
0,09	0,16
0,09	0,18
0,07	0,15
0,06	0,13
0,11	0,15
0,1	0,12
0,05	0,12
0,21	0,07
0,15	0,1
0,19	0,11
0,13	0,12
0,2	0,08
0,22	0,13
0,22	0,1
0,3	0,1
0,17	0,13
0,26	0,12
0,26	0,1
0,27	0,12
0,29	0,09
0,29	0,14
0,29	0,11
0,31	0,08
0,34	0,11
0,32	0,15
0,34	0,1
0,35	0,14
0,37	0,11
0,37	0,14
0,33	0,13
0,4	0,15
0,38	0,12
0,41	0,12
0,4	0,14
0,43	0,11
0,43	0,1
0,5	0,08
0,46	0,1
0,51	0,11
0,52	0,1
0,49	0,12
0,58	0,11
0,48	0,12
0,52	0,13
0,52	0,13
0,53	0,11
0,56	0,13
0,65	0,08
0,58	0,1
0,57	0,12
0,59	0,14
0,62	0,13
0,62	0,15
0,56	0,1
0,64	0,12
0,69	0,07
0,65	0,15
0,67	0,14
0,69	0,16
0,67	0,11
0,7	0,13
0,66	0,13
0,7	0,14
0,78	0,08
0,78	0,08
0,71	0,11
0,71	0,12
0,78	0,14
0,78	0,16
0,78	0,13
0,81	0,12
0,81	0,1
0,83	0,15
0,9	0,08
0,9	0,11
0,85	0,15
0,87	0,12
0,88	0,14
0,88	0,12
0,85	0,12
0,91	0,1
0,9	0,13
0,98	0,12
0,93	0,12
0,93	0,13
  1	0,08
0,95	0,14
1,04	0,1
1,07	0,1
1,11	0,1
1,01	0,11
1,03	0,14
0,99	0,12
1,03	0,14
1,07	0,12
1,06	0,13
1,07	0,13
1,07	0,18
1,05	0,17
1,08	0,23
1,13	0,26
1,12	0,29
1,13	0,34
1,1	0,37
1,08	0,41
1,14	0,46
1,18	0,53
1,17	0,55
1,18	0,58
1,19	0,61
1,17	0,65
1,21	0,67
1,21	0,68
1,23	0,68
1,26	0,66
1,26	0,65
1,25	0,59
1,21	0,53
1,29	0,46
1,29	0,41
1,32	0,34
1,27	0,28
1,34	0,26
1,34	0,21
1,42	0,2
1,39	0,24
1,35	0,21
1,39	0,22
1,41	0,25
1,4	0,25
1,34	0,21
1,42	0,21
1,43	0,22
1,45	0,2
1,42	0,19
1,47	0,21
1,5	0,19
1,48	0,22
1,5	0,22
1,51	0,22
1,56	0,23
1,52	0,23
1,56	0,22
1,55	0,23
1,57	0,23
1,5	0,21
1,58	0,24
1,67	0,22
1,59	0,21
1,62	0,19
1,54	0,19
1,65	0,19
1,65	0,21
1,67	0,17
1,66	0,24
1,59	0,2
1,67	0,19
1,69	0,25
1,71	0,21
1,71	0,23
1,73	0,22
1,74	0,19
1,75	0,22
1,76	0,24
1,78	0,17
1,8	0,23
1,78	0,21
1,82	0,23
1,76	0,23
1,83	0,2
1,78	0,21
1,86	0,22
1,82	0,2
1,9	0,23
1,8	0,2
1,85	0,21
1,93	0,23
1,91	0,19
1,93	0,19
1,93	0,2
1,94	0,19
1,89	0,19
1,94	0,21
1,96	0,21
2,02	0,22
1,99	0,25
1,95	0,2
2,03	0,23
2,02	0,2
2,06	0,22
2,04	0,2
2,04	0,21
2,07	0,22
2,06	0,2
2,08	0,24
2,08	0,19
2,18	0,22
2,11	0,23
2,13	0,23
2,14	0,25
2,14	0,2
2,16	0,19
2,14	0,21
2,14	0,2
2,2	0,22
2,19	0,23
2,21	0,2
2,19	0,19
2,22	0,23
2,15	0,2
2,3	0,2
2,25	0,25
2,25	0,2
2,27	0,22
2,33	0,23
2,29	0,22
2,23	0,2
2,39	0,21
2,34	0,2
2,33	0,2
2,44	0,22
2,28	0,21
2,36	0,23
2,37	0,23
2,4	0,2
2,34	0,2
2,34	0,21
2,38	0,2
2,47	0,21
2,42	0,2
2,42	0,21
2,4	0,2
2,41	0,21
2,48	0,22
2,51	0,22
2,5	0,21
2,45	0,21
2,51	0,22
2,51	0,21
2,53	0,24
2,56	0,2
2,56	0,24
2,56	0,23
2,57	0,21
2,63	0,23
2,62	0,22
2,61	0,21
2,68	0,23
2,63	0,23
2,68	0,23
2,67	0,21
2,67	0,25
2,65	0,22
2,77	0,22
2,7	0,22
2,72	0,23
2,72	0,19
2,75	0,21
2,76	0,24
2,7	0,2
2,76	0,22
2,79	0,23
2,75	0,21
2,79	0,22
2,81	0,17
2,77	0,21
2,83	0,22
2,84	0,23
2,83	0,23
2,84	0,2
2,87	0,25
2,87	0,22
2,89	0,19
2,88	0,24
2,97	0,22
2,91	0,22
2,87	0,22
2,94	0,22
2,95	0,22
2,95	0,21
2,96	0,24
2,97	0,22
  3	0,24
3,02	0,24
3,02	0,22
3,03	0,19
3,01	0,21
3,05	0,22
3,05	0,22
3,05	0,24
3,06	0,21
3,08	0,22
3,17	0,22
3,1	0,24
3,12	0,21
3,11	0,22
3,15	0,21
3,22	0,21
3,14	0,23
3,17	0,24
3,18	0,22
3,25	0,2
3,19	0,2
3,29	0,22
3,22	0,19
3,14	0,21
3,19	0,2
3,26	0,19
3,27	0,21
3,27	0,24
3,28	0,25
3,29	0,2
3,22	0,21
3,31	0,23
3,32	0,26
3,33	0,27
3,3	0,19
3,35	0,21
3,4	0,22
3,36	0,21
3,4	0,22
3,39	0,22
3,4	0,22
3,4	0,24
3,49	0,21
3,44	0,19
3,44	0,21
3,45	0,22
3,47	0,21
3,49	0,18
3,47	0,21
3,5	0,21
3,52	0,25
3,51	0,2
3,53	0,19
3,54	0,22
3,63	0,2
3,55	0,23
3,56	0,24
3,58	0,18
3,64	0,21
3,56	0,2
3,68	0,2
3,61	0,21
3,56	0,21
3,64	0,18
3,64	0,22
3,67	0,22
3,66	0,22
3,72	0,23
3,69	0,22
3,78	0,22
3,7	0,25
3,73	0,2
3,72	0,24
3,75	0,25
3,76	0,25
3,68	0,2
3,7	0,2
3,78	0,19
3,87	0,21
3,79	0,24
3,76	0,2
3,83	0,26
3,87	0,23
3,91	0,22
3,86	0,22
3,85	0,21
3,89	0,18
3,89	0,22
3,89	0,21
3,9	0,22
3,85	0,2
3,9	0,21
3,92	0,22
3,97	0,23
3,96	0,24
3,97	0,2
3,97	0,22
3,97	0,25
4,01	0,19
3,95	0,2
4,03	0,21
4,05	0,22
4,05	0,2
4,17	0,21
4,06	0,22
4,06	0,22
4,13	0,23
4,16	0,2
4,06	0,19
4,09	0,17
4,03	0,1
4,02	-0,03
  4	-0,12
  4	-0,05
3,99	-0,23
3,96	-0,32
3,95	-0,4
3,94	-0,39
3,95	-0,4
3,91	-0,33
3,93	-0,21
3,91	-0,2
3,91	-0,1
3,92	-0,12
3,9	-0,04
3,84	-0,1
3,91	-0,09
3,85	-0,1
3,85	-0,09
3,83	-0,13
3,82	-0,11
3,8	-0,1
3,72	-0,11
3,83	-0,14
3,77	-0,08
3,67	-0,11
3,75	-0,16
3,74	-0,14
3,8	-0,1
3,72	-0,12
3,7	-0,12
3,69	-0,04
3,68	-0,12
3,6	-0,11
3,67	-0,19
3,72	-0,12
3,66	-0,05
3,64	-0,08
3,53	-0,1
3,55	-0,11
3,61	-0,07
3,59	-0,12
3,57	-0,12
3,51	-0,11
3,56	-0,16
3,56	-0,06
3,61	-0,1
3,45	-0,11
3,6	-0,1
3,51	-0,17
3,5	-0,18
3,44	-0,11
3,54	-0,1
3,47	-0,08
3,47	-0,06
3,51	-0,1
3,49	-0,08
3,48	-0,08
3,36	-0,1
3,41	-0,15
3,41	-0,06
3,39	-0,09
3,36	-0,09
3,36	-0,1
3,36	-0,04
3,34	-0,18
3,28	-0,1
3,33	-0,22
3,31	-0,16
3,31	-0,04
3,3	-0,1
3,3	-0,04
3,27	-0,16
3,26	-0,09
3,27	-0,08
3,25	-0,17
3,23	-0,17
3,22	-0,19
3,2	-0,1
3,16	-0,1
3,19	-0,18
3,19	-0,05
3,24	-0,09
3,16	-0,17
3,14	-0,1
3,14	-0,05
3,14	-0,07
3,17	-0,1
3,16	-0,1
3,11	-0,07
3,17	-0,09
3,08	-0,15
3,08	-0,05
3,08	-0,17
3,05	-0,18
3,05	-0,07
3,02	-0,09
3,04	-0,11
3,02	-0,06
  3	-0,15
  3	-0,13
2,9	-0,1
3,04	-0,1
2,94	-0,1
2,95	-0,08
2,94	-0,1
2,92	-0,06
2,91	-0,16
2,82	-0,11
2,83	-0,1
2,89	-0,07
2,86	-0,15
2,87	-0,17
2,86	-0,05
2,83	-0,11
2,91	-0,09
2,82	-0,04
2,86	-0,09
2,83	-0,12
2,8	-0,13
2,78	-0,1
2,78	-0,07
2,72	-0,11
2,82	-0,1
2,73	-0,15
2,8	-0,1
2,74	-0,11
2,7	-0,11
2,63	-0,11
2,7	-0,08
2,68	-0,13
2,66	-0,15
2,66	-0,07
2,57	-0,11
2,67	-0,1
2,68	-0,11
2,6	-0,12
2,66	-0,09
2,6	-0,04
2,59	-0,07
2,5	-0,11
2,53	-0,1
2,5	-0,12
2,55	-0,08
2,51	-0,13
2,59	-0,1
2,51	-0,07
2,5	-0,16
2,5	-0,07
2,47	-0,1
2,51	-0,16
2,52	-0,09
2,37	-0,11
2,45	-0,06
2,4	-0,1
2,44	-0,14
2,37	-0,1
2,4	-0,17
2,4	-0,09
2,39	-0,08
2,4	-0,1
2,28	-0,08
2,36	-0,04
2,34	-0,12
2,26	-0,1
2,36	-0,09
2,31	-0,16
2,29	-0,1
2,28	-0,24
2,28	-0,14
2,27	-0,1
2,26	-0,17
2,25	-0,15
2,17	-0,1
2,22	-0,14
2,19	-0,1
2,13	-0,1
2,2	-0,07
2,19	-0,07
2,21	-0,1
2,09	-0,1
2,09	-0,1
2,12	-0,1
2,14	-0,25
2,04	-0,11
2,11	-0,1
2,03	-0,11
2,13	-0,1
2,09	-0,06
2,08	-0,08
2,11	-0,1
2,04	-0,14
2,04	-0,18
2,04	-0,06
2,02	-0,07
2,09	-0,1
2,07	-0,09
1,99	-0,14
  2	-0,1
1,96	-0,15
1,96	-0,08
1,93	-0,2
1,93	-0,18
  2	-0,13
1,91	-0,09
1,9	-0,15
1,86	-0,13
1,87	-0,1
1,94	-0,09
1,86	-0,17
1,84	-0,11
1,79	-0,1
1,82	-0,13
1,81	-0,13
1,82	-0,06
1,79	-0,15
1,78	-0,15
1,74	-0,14
1,8	-0,17
1,76	-0,05
1,75	-0,18
1,74	-0,05
1,73	-0,07
1,72	-0,15
1,72	-0,07
1,7	-0,18
1,68	-0,08
1,62	-0,11
1,67	-0,04
1,66	-0,07
1,65	-0,05
1,63	-0,09
1,59	-0,13
1,61	-0,14
1,59	-0,1
1,59	-0,16
1,58	-0,16
1,6	-0,11
1,57	-0,14
1,54	-0,1
1,61	-0,1
1,54	-0,04
1,54	-0,11
1,47	-0,12
1,51	-0,05
1,49	-0,18
1,49	-0,09
1,54	-0,11
1,45	-0,19
1,45	-0,18
1,45	-0,13
1,46	-0,11
1,34	-0,11
1,49	-0,1
1,39	-0,1
1,36	-0,1
1,39	-0,17
1,35	-0,1
1,4	-0,12
1,42	-0,08
1,38	-0,1
1,39	-0,1
1,3	-0,16
1,29	-0,1
1,37	-0,1
1,2	-0,12
1,23	-0,1
1,26	-0,19
1,22	-0,1
1,22	-0,12
1,23	-0,1
1,21	-0,15
1,22	-0,07
1,2	-0,16
1,2	-0,07
1,2	-0,11
1,21	-0,14
1,08	-0,11
1,07	-0,11
1,14	-0,16
1,12	-0,09
1,12	-0,15
1,12	-0,11
1,03	-0,11
1,09	-0,05
1,03	-0,11
1,07	-0,08
1,05	-0,26
1,06	-0,17
1,11	-0,22
1,03	-0,28
0,95	-0,24
1,03	-0,19
0,96	-0,2
1,06	-0,19
1,01	-0,25
0,96	-0,3
0,88	-0,18
0,98	-0,18
0,95	-0,1
0,9	-0,14
0,9	-0,18
0,91	-0,12
0,84	-0,1
0,95	-0,09
0,85	-0,14
0,87	-0,06
0,86	-0,1
0,84	-0,12
0,82	-0,16
0,83	-0,09
0,83	-0,09
0,74	-0,11
0,74	-0,1
0,78	-0,14
0,75	-0,04
0,76	-0,06
0,74	-0,16
0,74	-0,08
0,73	-0,13
0,74	-0,09
0,73	-0,12
0,7	-0,04
0,71	-0,1
0,72	-0,1
0,63	-0,12
0,65	-0,16
0,67	-0,04
0,65	-0,05
0,59	-0,11
0,62	-0,1
0,62	-0,05
0,6	-0,05
0,59	-0,05
0,57	-0,04
0,48	-0,1
0,56	-0,05
0,58	-0,07
0,49	-0,1
0,52	-0,1
0,54	-0,12
0,52	-0,1
0,51	-0,1
0,48	-0,09
0,47	-0,09
0,51	-0,09
0,48	-0,04
0,42	-0,06
0,49	-0,09
0,42	-0,05
0,42	-0,04
0,4	-0,1
0,38	-0,1
0,34	-0,1
0,38	-0,03
0,4	-0,09
0,4	-0,07
0,35	-0,05
0,27	-0,11
0,32	-0,11
0,34	-0,06
0,29	-0,1
0,3	-0,08
0,2	-0,1
0,26	-0,11
0,24	-0,09
0,26	-0,07
0,24	-0,06
0,21	-0,11
0,23	-0,04
0,19	-0,14
0,2	-0,11
0,19	-0,04
0,18	-0,04
0,12	-0,14
0,15	-0,15
0,17	-0,09
0,12	-0,11
0,13	-0,07
0,12	-0,07
0,02	-0,1
0,07	-0,15
0,09	-0,08
0,07	-0,06
0,06	-0,04
0,06	-0,02
-0,01	-0,1
0,04	-0,06
0,01	-0,09
0,02	-0,06
0,01	-0,03
0,03	-0,08
0,05	-0,08
-0,04	-0,15
