-0,03	0,02
-0,04	 -0
-0,13	-0,02
  0	-0,04
-0,04	-0,06
-0,02	-0,05
0,09	 -0
0,02	 -0
0,04	0,01
0,02	0,04
0,1	0,08
0,14	0,12
0,15	0,18
0,02	0,18
0,11	0,23
0,18	0,17
0,12	0,18
0,11	0,13
0,21	0,12
0,15	0,17
0,16	0,12
0,17	0,1
0,22	0,13
0,18	0,12
0,21	0,12
0,16	0,14
0,24	0,13
0,24	0,13
0,28	0,16
0,33	0,14
0,34	0,13
0,36	0,13
0,32	0,11
0,31	0,15
0,37	0,14
0,31	0,11
0,35	0,12
0,36	0,16
0,32	0,13
0,34	0,13
0,4	0,16
0,47	0,1
0,41	0,15
0,42	0,13
0,52	0,11
0,46	0,11
0,48	0,13
0,5	0,15
0,49	0,13
0,49	0,14
0,51	0,15
0,52	0,13
0,55	0,13
0,61	0,13
0,6	0,09
0,58	0,15
0,59	0,09
0,59	0,15
0,65	0,09
0,62	0,14
0,67	0,13
0,68	0,14
0,66	0,15
0,7	0,14
0,68	0,1
0,69	0,17
0,7	0,13
0,7	0,13
0,67	0,14
0,67	0,13
0,79	0,13
0,73	0,14
0,77	0,16
0,77	0,14
0,8	0,14
0,83	0,15
0,75	0,11
0,82	0,16
0,82	0,13
0,78	0,13
0,93	0,1
0,87	0,13
0,89	0,11
0,9	0,14
0,89	0,15
0,92	0,12
0,96	0,14
0,96	0,15
0,94	0,17
1,06	0,11
0,97	0,16
0,99	0,1
0,99	0,11
0,99	0,16
1,02	0,15
1,01	0,15
1,07	0,15
1,1	0,17
1,07	0,15
1,03	0,21
1,07	0,24
1,12	0,31
1,13	0,35
1,14	0,41
1,13	0,48
1,15	0,53
1,2	0,58
1,2	0,63
1,13	0,67
1,2	0,75
1,22	0,73
1,2	0,77
1,23	0,77
1,23	0,75
1,25	0,7
1,28	0,61
1,28	0,53
1,28	0,49
1,31	0,42
1,33	0,34
1,38	0,28
1,39	0,24
1,35	0,21
1,32	0,21
1,38	0,2
1,37	0,21
1,37	0,21
1,32	0,21
1,42	0,23
1,48	0,25
1,43	0,26
1,46	0,25
1,49	0,28
1,53	0,26
1,48	0,25
1,51	0,22
1,5	0,25
1,52	0,25
1,53	0,24
1,53	0,26
1,48	0,23
1,59	0,25
1,57	0,26
1,57	0,24
1,67	0,23
1,65	0,24
1,62	0,24
1,59	0,23
1,65	0,25
1,64	0,24
1,61	0,24
1,7	0,23
1,67	0,24
1,69	0,24
1,73	0,23
1,73	0,24
1,75	0,26
1,75	0,24
1,75	0,24
1,7	0,24
1,79	0,24
1,81	0,25
1,82	0,25
1,87	0,25
1,84	0,23
1,8	0,23
1,82	0,23
1,86	0,26
1,87	0,26
1,89	0,21
1,91	0,28
1,92	0,22
1,93	0,26
1,96	0,26
1,97	0,22
1,89	0,24
1,97	0,24
1,98	0,25
1,98	0,26
1,99	0,25
2,04	0,26
2,03	0,25
2,04	0,29
2,04	0,24
2,11	0,25
2,06	0,24
2,09	0,24
2,04	0,23
2,06	0,23
2,11	0,27
2,2	0,23
2,14	0,27
2,09	0,24
2,12	0,24
2,21	0,23
2,12	0,23
2,21	0,24
2,21	0,26
2,2	0,23
2,23	0,24
2,19	0,23
2,26	0,22
2,27	0,23
2,22	0,24
2,36	0,25
2,29	0,26
2,33	0,25
2,33	0,25
2,33	0,25
2,44	0,26
2,36	0,25
2,4	0,22
2,45	0,25
2,42	0,28
2,42	0,24
2,34	0,23
2,47	0,27
2,44	0,26
2,47	0,27
2,47	0,26
2,52	0,24
2,49	0,25
2,51	0,25
2,51	0,26
2,54	0,23
2,55	0,28
2,55	0,25
2,58	0,25
2,59	0,24
2,58	0,23
2,59	0,24
2,62	0,24
2,62	0,25
2,63	0,24
2,64	0,24
2,67	0,23
2,67	0,22
2,76	0,24
2,68	0,25
2,75	0,26
2,72	0,28
2,69	0,24
2,81	0,25
2,75	0,21
2,79	0,25
2,76	0,24
2,83	0,24
2,8	0,25
2,81	0,21
2,81	0,25
2,8	0,23
2,79	0,24
2,94	0,24
2,86	0,24
2,86	0,24
2,97	0,25
2,91	0,27
2,99	0,25
2,84	0,23
2,94	0,25
2,89	0,23
2,96	0,21
2,97	0,27
2,98	0,25
3,05	0,25
3,06	0,25
  3	0,27
3,03	0,26
2,98	0,24
3,06	0,25
3,07	0,24
  3	0,24
3,11	0,22
3,09	0,26
3,12	0,26
3,2	0,25
3,12	0,21
3,16	0,23
3,16	0,24
3,18	0,21
3,16	0,23
3,12	0,23
3,23	0,21
3,23	0,24
3,31	0,24
3,18	0,23
3,2	0,23
3,28	0,22
3,28	0,25
3,3	0,25
3,24	0,24
3,32	0,24
3,34	0,25
3,36	0,24
3,34	0,25
3,37	0,27
3,36	0,26
3,38	0,27
3,39	0,26
3,4	0,24
3,41	0,22
3,36	0,23
3,42	0,25
3,34	0,23
3,42	0,23
3,46	0,26
3,48	0,21
3,46	0,23
3,45	0,23
3,51	0,24
3,54	0,24
3,55	0,25
3,61	0,26
3,57	0,29
3,64	0,24
3,53	0,23
3,57	0,24
3,63	0,25
3,62	0,25
3,63	0,27
3,64	0,23
3,64	0,26
3,67	0,25
3,68	0,23
3,74	0,25
3,7	0,22
3,65	0,24
3,75	0,22
3,76	0,26
3,76	0,24
3,78	0,22
3,76	0,26
3,77	0,26
3,8	0,27
3,81	0,25
3,82	0,28
3,81	0,24
3,82	0,24
3,85	0,21
3,88	0,21
3,9	0,24
3,85	0,24
3,91	0,24
3,93	0,22
3,94	0,24
3,96	0,25
3,96	0,28
3,89	0,24
3,97	0,24
3,91	0,24
  4	0,25
4,02	0,25
4,02	0,24
4,07	0,26
4,05	0,24
4,08	0,25
4,04	0,24
4,08	0,23
4,1	0,24
4,1	0,26
4,11	0,24
4,14	0,25
4,1	0,23
4,14	0,23
4,14	0,24
4,17	0,26
4,12	0,24
4,19	0,25
4,21	0,22
4,22	0,25
4,23	0,24
4,24	0,22
4,25	0,25
4,27	0,27
4,28	0,25
4,25	0,24
4,24	0,22
4,39	0,25
4,32	0,23
4,33	0,27
4,33	0,26
4,35	0,28
4,44	0,23
4,37	0,26
4,39	0,24
4,4	0,21
4,43	0,27
4,43	0,23
4,43	0,25
4,38	0,23
4,51	0,24
4,44	0,23
4,49	0,26
4,47	0,2
4,51	0,27
4,51	0,25
4,54	0,24
4,55	0,21
4,55	0,24
4,66	0,26
4,61	0,23
4,59	0,25
4,6	0,22
4,62	0,25
4,52	0,22
4,58	0,18
4,55	0,09
4,52	0,01
4,53	-0,02
4,5	-0,06
4,46	-0,29
4,5	-0,4
4,36	-0,41
4,44	-0,42
4,43	-0,43
4,4	-0,41
4,45	-0,34
4,41	-0,2
4,32	-0,12
4,39	-0,14
4,39	-0,04
4,35	-0,12
4,34	-0,11
4,33	-0,15
4,33	-0,05
4,3	-0,21
4,29	-0,13
4,29	-0,12
4,35	-0,23
4,26	-0,28
4,24	-0,26
4,25	-0,09
4,24	-0,1
4,22	-0,22
4,22	-0,08
4,2	-0,06
4,2	-0,1
4,25	-0,12
4,18	-0,12
4,14	-0,1
4,1	-0,24
4,12	-0,22
4,11	-0,28
4,11	-0,23
4,08	-0,27
3,99	-0,14
4,07	-0,11
4,1	-0,17
4,06	-0,12
4,01	-0,11
4,02	-0,21
3,97	-0,13
3,99	-0,26
4,02	-0,13
3,97	-0,21
4,01	-0,17
3,94	-0,11
3,86	-0,19
3,91	-0,13
3,93	-0,19
3,91	-0,21
3,89	-0,11
3,95	-0,18
3,95	-0,16
3,82	-0,16
3,77	-0,16
3,84	-0,09
3,74	-0,16
3,88	-0,16
3,73	-0,18
3,78	-0,23
3,83	-0,13
3,77	-0,25
3,7	-0,17
3,81	-0,15
3,64	-0,15
3,72	-0,23
3,75	-0,17
3,76	-0,14
3,69	-0,09
3,68	-0,2
3,67	-0,11
3,64	-0,24
3,62	-0,11
3,6	-0,21
3,63	-0,13
3,53	-0,18
3,59	-0,11
3,58	-0,12
3,56	-0,24
3,51	-0,14
3,5	-0,13
3,54	-0,1
3,5	-0,11
3,52	-0,06
3,5	-0,06
3,42	-0,15
3,47	-0,23
3,39	-0,17
3,55	-0,14
3,36	-0,19
3,5	-0,14
3,38	-0,12
3,41	-0,09
3,4	-0,07
3,38	-0,27
3,37	-0,24
3,34	-0,1
3,28	-0,17
3,33	-0,12
3,39	-0,14
3,3	-0,21
3,22	-0,15
3,28	-0,18
3,26	-0,22
3,28	-0,18
3,24	-0,23
3,2	-0,14
3,2	-0,15
3,23	-0,12
3,21	-0,08
3,2	-0,07
3,1	-0,15
3,14	-0,21
3,17	-0,12
3,08	-0,16
3,17	-0,2
3,07	-0,15
3,2	-0,13
3,12	-0,17
3,11	-0,12
3,06	-0,1
3,09	-0,2
3,04	-0,18
3,11	-0,13
2,99	-0,2
3,02	-0,21
3,02	-0,2
3,02	-0,15
3,02	-0,19
2,98	-0,12
2,97	-0,12
2,93	-0,24
2,95	-0,22
2,92	-0,17
2,92	-0,23
2,9	-0,26
2,87	-0,13
2,9	-0,13
2,84	-0,13
2,78	-0,19
2,85	-0,25
2,84	-0,1
2,89	-0,17
2,9	-0,12
2,79	-0,23
2,78	-0,1
2,78	-0,11
2,76	-0,09
2,66	-0,18
2,75	-0,22
2,67	-0,16
2,64	-0,16
2,73	-0,18
2,7	-0,06
2,7	-0,19
2,67	-0,23
2,66	-0,2
2,58	-0,14
2,62	-0,21
2,7	-0,13
2,59	-0,24
2,6	-0,24
2,56	-0,11
2,5	-0,14
2,58	-0,12
2,64	-0,14
2,56	-0,18
2,53	-0,23
2,53	-0,1
2,53	-0,18
2,5	-0,07
2,5	-0,17
2,47	-0,22
2,44	-0,11
2,45	-0,12
2,46	-0,15
2,42	-0,11
2,41	-0,24
2,4	-0,11
2,42	-0,13
2,41	-0,17
2,32	-0,14
2,29	-0,16
2,36	-0,12
2,34	-0,12
2,33	-0,1
2,31	-0,22
2,29	-0,23
2,29	-0,07
2,27	-0,23
2,26	-0,24
2,26	-0,2
2,17	-0,13
2,22	-0,23
2,21	-0,1
2,22	-0,08
2,28	-0,11
2,11	-0,16
2,25	-0,11
2,17	-0,12
2,12	-0,17
2,06	-0,15
2,05	-0,17
2,2	-0,15
2,09	-0,23
2,09	-0,23
2,08	-0,2
1,99	-0,14
2,04	-0,21
2,03	-0,19
2,03	-0,09
2,03	-0,1
2,06	-0,11
2,01	-0,15
1,98	-0,2
1,92	-0,12
1,97	-0,26
1,96	-0,13
1,93	-0,17
1,92	-0,11
1,84	-0,15
1,89	-0,19
1,8	-0,16
1,95	-0,16
1,86	-0,1
1,81	-0,13
1,85	-0,23
1,79	-0,13
1,82	-0,11
1,82	-0,07
1,79	-0,1
1,79	-0,07
1,82	-0,15
1,76	-0,24
1,73	-0,11
1,74	-0,23
1,72	-0,22
1,76	-0,15
1,71	-0,1
1,69	-0,26
1,76	-0,15
1,67	-0,24
1,67	-0,22
1,65	-0,21
1,6	-0,15
1,7	-0,13
1,61	-0,2
1,68	-0,12
1,58	-0,19
1,58	-0,11
1,5	-0,17
1,56	-0,1
1,46	-0,18
1,53	-0,19
1,54	-0,13
1,51	-0,22
1,61	-0,13
1,5	-0,11
1,47	-0,24
1,49	-0,16
1,52	-0,15
1,44	-0,11
1,51	-0,14
1,43	-0,23
1,4	-0,24
1,4	-0,07
1,39	-0,11
1,39	-0,11
1,43	-0,13
1,36	-0,19
1,32	-0,23
1,34	-0,08
1,3	-0,22
1,3	-0,22
1,23	-0,13
1,28	-0,26
1,26	-0,18
1,25	-0,21
1,22	-0,18
1,23	-0,11
1,23	-0,12
1,21	-0,18
1,27	-0,12
1,18	-0,25
1,17	-0,09
1,09	-0,14
1,14	-0,17
1,15	-0,11
1,07	-0,11
1,09	-0,11
1,17	-0,13
1,09	-0,12
1,09	-0,09
1,06	-0,24
1,04	-0,19
1,04	-0,17
1,1	-0,24
1,03	-0,34
1,01	-0,35
1,03	-0,27
1,02	-0,25
0,99	-0,26
0,89	-0,33
0,95	-0,37
0,96	-0,3
0,93	-0,26
0,92	-0,26
0,85	-0,25
0,89	-0,22
0,88	-0,21
0,87	-0,18
0,85	-0,17
0,84	-0,16
0,76	-0,13
0,82	-0,09
0,81	-0,07
0,87	-0,09
0,71	-0,11
0,84	-0,08
0,79	-0,11
0,76	-0,05
0,73	-0,12
0,73	-0,13
0,76	-0,1
0,7	-0,15
0,7	-0,05
0,62	-0,1
0,63	-0,11
0,67	-0,04
0,64	-0,12
0,57	-0,11
0,62	-0,18
0,62	-0,06
0,61	-0,08
0,59	-0,14
0,58	-0,15
0,56	-0,09
0,57	-0,12
0,54	-0,18
0,57	-0,1
0,52	-0,07
0,5	-0,16
0,41	-0,11
0,48	-0,18
0,4	-0,12
0,48	-0,11
0,44	-0,13
0,37	-0,1
0,44	-0,07
0,42	-0,15
0,39	-0,16
0,4	-0,07
0,4	-0,11
0,35	-0,1
0,36	-0,07
0,37	-0,1
0,37	-0,12
0,39	-0,09
0,31	-0,1
0,33	-0,1
0,29	-0,12
0,27	-0,17
0,26	-0,14
0,26	-0,09
0,25	-0,04
0,29	-0,09
0,23	-0,03
0,22	-0,03
0,21	-0,08
0,2	-0,04
0,15	-0,15
0,15	-0,15
0,15	-0,15
0,13	-0,16
0,15	-0,09
0,12	-0,13
0,09	-0,14
0,11	-0,09
0,09	-0,07
-0,01	-0,1
0,02	-0,09
0,05	-0,07
-0,04	-0,1
0,09	-0,08
0,02	-0,09
-0,01	-0,14
-0,05	-0,1
-0,07	-0,1
-0,03	-0,04
