-0,05	0,03
-0,06	-0,03
-0,05	-0,02
0,04	-0,03
-0,05	-0,01
-0,02	0,04
0,05	0,01
  0	0,02
-0,06	0,02
0,02	0,12
0,12	0,09
0,06	0,17
0,04	0,17
0,1	0,17
0,09	0,22
0,11	0,16
0,17	0,17
0,12	0,16
0,13	0,17
0,21	0,09
0,21	0,08
0,17	0,11
0,19	0,12
0,13	0,12
0,21	0,12
0,23	0,17
0,23	0,16
0,18	0,14
0,25	0,14
0,2	0,14
0,24	0,14
0,29	0,15
0,3	0,13
0,32	0,17
0,31	0,13
0,34	0,15
0,35	0,16
0,35	0,15
0,38	0,14
0,38	0,15
0,33	0,13
0,41	0,12
0,43	0,12
0,42	0,15
0,46	0,15
0,46	0,12
0,52	0,11
0,4	0,14
0,49	0,1
0,48	0,13
0,51	0,14
0,54	0,12
0,45	0,13
0,54	0,16
0,48	0,14
0,56	0,18
0,67	0,1
0,63	0,14
0,67	0,12
0,61	0,15
0,62	0,13
0,65	0,12
0,65	0,15
0,66	0,13
0,68	0,15
0,7	0,14
0,71	0,1
0,71	0,14
0,73	0,15
0,78	0,12
0,8	0,1
0,74	0,14
0,74	0,14
0,76	0,11
0,79	0,14
0,81	0,14
0,81	0,16
0,81	0,13
0,84	0,17
0,92	0,1
0,9	0,14
0,86	0,12
0,87	0,15
0,89	0,13
0,98	0,12
0,92	0,15
0,92	0,13
0,95	0,12
0,96	0,15
0,92	0,12
0,96	0,11
0,98	0,16
0,97	0,11
1,01	0,13
1,03	0,12
1,03	0,15
1,04	0,15
1,07	0,19
1,08	0,27
1,06	0,32
1,1	0,37
1,06	0,43
1,12	0,48
1,14	0,51
1,07	0,58
1,17	0,65
1,16	0,68
1,1	0,73
1,25	0,76
1,26	0,77
1,23	0,75
1,23	0,71
1,22	0,67
1,26	0,6
1,23	0,52
1,26	0,44
1,26	0,39
1,28	0,32
1,31	0,31
1,32	0,25
1,33	0,23
1,32	0,21
1,32	0,2
1,37	0,2
1,37	0,25
1,37	0,2
1,46	0,23
1,4	0,23
1,43	0,22
1,45	0,22
1,45	0,26
1,43	0,25
1,46	0,23
1,46	0,27
1,42	0,25
1,45	0,24
1,56	0,25
1,53	0,25
1,54	0,22
1,48	0,24
1,52	0,27
1,54	0,22
1,58	0,26
1,56	0,24
1,57	0,23
1,62	0,23
1,62	0,23
1,64	0,24
1,66	0,27
1,63	0,24
1,65	0,24
1,61	0,23
1,72	0,22
1,65	0,23
1,72	0,27
1,78	0,25
1,74	0,23
1,74	0,26
1,78	0,27
1,86	0,24
1,81	0,25
1,86	0,23
1,82	0,21
1,8	0,24
1,89	0,22
1,84	0,27
1,87	0,25
1,86	0,24
1,86	0,24
1,89	0,24
1,9	0,22
1,92	0,2
1,93	0,23
1,92	0,24
1,97	0,28
1,92	0,24
1,9	0,24
1,99	0,26
  2	0,29
1,93	0,24
1,94	0,25
2,03	0,22
2,04	0,26
2,07	0,26
2,06	0,25
2,07	0,24
  2	0,23
2,04	0,23
2,09	0,26
2,12	0,28
2,13	0,26
2,12	0,24
2,13	0,23
2,26	0,24
2,25	0,24
2,2	0,24
2,14	0,23
2,29	0,24
2,25	0,24
2,25	0,24
2,26	0,27
2,27	0,22
2,26	0,21
2,37	0,24
2,29	0,23
2,3	0,25
2,29	0,24
2,34	0,25
2,37	0,25
2,31	0,24
2,37	0,28
2,37	0,27
2,33	0,23
2,33	0,24
2,45	0,26
2,44	0,28
2,48	0,21
2,43	0,27
2,47	0,28
2,59	0,24
2,53	0,25
2,51	0,25
2,51	0,22
2,55	0,25
2,52	0,24
2,55	0,25
2,54	0,25
2,58	0,25
2,59	0,27
2,59	0,25
2,53	0,23
2,61	0,23
2,62	0,24
2,7	0,23
2,66	0,24
2,67	0,24
2,67	0,24
2,66	0,23
2,68	0,23
2,67	0,24
2,7	0,24
2,76	0,26
2,75	0,22
2,75	0,25
2,81	0,25
2,7	0,24
2,8	0,21
2,81	0,24
2,82	0,25
2,82	0,24
2,82	0,25
2,92	0,25
2,84	0,22
2,93	0,25
2,81	0,24
2,89	0,28
2,91	0,25
2,92	0,21
2,95	0,25
2,93	0,21
2,94	0,24
2,95	0,23
2,97	0,26
  3	0,26
3,07	0,24
  3	0,28
3,03	0,24
3,08	0,25
3,06	0,25
3,12	0,23
3,06	0,26
3,16	0,24
3,1	0,24
3,09	0,23
3,11	0,25
3,05	0,23
3,12	0,26
3,19	0,23
3,17	0,28
3,16	0,23
3,19	0,25
3,19	0,22
3,2	0,22
3,24	0,26
3,23	0,24
3,21	0,24
3,25	0,24
3,32	0,24
3,31	0,24
3,28	0,25
3,3	0,24
3,28	0,24
3,3	0,23
3,34	0,21
3,33	0,27
3,42	0,23
3,39	0,25
3,38	0,26
3,45	0,25
3,4	0,25
3,36	0,23
3,39	0,24
3,49	0,25
3,42	0,28
3,47	0,28
3,4	0,24
3,45	0,24
3,5	0,28
3,49	0,24
3,51	0,24
3,53	0,24
3,51	0,23
3,56	0,24
3,63	0,23
3,57	0,25
3,52	0,24
3,63	0,25
3,58	0,24
3,64	0,21
3,57	0,24
3,66	0,21
3,67	0,22
3,68	0,22
3,62	0,23
3,73	0,25
3,69	0,26
3,72	0,28
3,74	0,29
3,73	0,25
3,67	0,24
3,75	0,25
3,85	0,24
3,78	0,27
3,78	0,24
3,76	0,24
3,86	0,24
3,83	0,24
3,84	0,25
3,86	0,24
3,87	0,24
3,9	0,21
3,9	0,23
3,92	0,26
3,99	0,23
3,94	0,22
3,95	0,23
3,95	0,24
3,88	0,24
3,96	0,24
3,97	0,24
3,96	0,24
  4	0,21
3,99	0,24
4,01	0,26
4,07	0,23
4,02	0,23
4,06	0,26
4,09	0,21
4,11	0,25
4,11	0,25
4,11	0,23
4,13	0,29
4,08	0,24
4,19	0,25
4,15	0,23
4,13	0,24
4,19	0,27
4,21	0,27
4,16	0,24
4,22	0,28
4,23	0,21
4,23	0,24
4,25	0,27
4,19	0,23
4,28	0,21
4,32	0,25
4,29	0,25
4,33	0,25
4,28	0,24
4,32	0,25
4,34	0,27
4,36	0,22
4,36	0,24
4,39	0,25
4,36	0,24
4,41	0,24
4,41	0,24
4,42	0,22
4,5	0,24
4,46	0,21
4,45	0,25
4,4	0,24
4,47	0,24
4,53	0,25
4,51	0,24
4,53	0,21
4,56	0,25
4,53	0,27
4,64	0,25
4,57	0,26
4,57	0,26
4,58	0,24
4,6	0,28
4,65	0,25
4,67	0,22
4,59	0,17
4,51	0,1
4,46	0,03
4,51	-0,06
4,49	-0,1
4,47	-0,31
4,46	-0,38
4,37	-0,41
4,46	-0,41
4,52	-0,43
4,43	-0,41
4,41	-0,33
4,38	-0,23
4,43	-0,14
4,41	-0,14
4,45	-0,09
4,38	-0,04
4,32	-0,1
4,35	-0,12
4,35	-0,13
4,36	-0,14
4,29	-0,26
4,28	-0,13
4,26	-0,28
4,28	-0,18
4,17	-0,2
4,24	-0,27
4,32	-0,14
4,28	-0,15
4,27	-0,1
4,18	-0,15
4,16	-0,14
4,1	-0,16
4,19	-0,18
4,15	-0,11
4,18	-0,17
4,13	-0,12
4,12	-0,12
4,07	-0,13
4,16	-0,17
4,13	-0,19
3,99	-0,19
3,97	-0,15
4,06	-0,08
4,11	-0,16
4,03	-0,12
4,02	-0,18
  4	-0,08
4,06	-0,15
3,97	-0,11
4,01	-0,1
3,95	-0,11
3,93	-0,25
3,94	-0,15
3,91	-0,22
3,94	-0,18
3,89	-0,1
3,89	-0,07
3,87	-0,23
3,85	-0,25
3,85	-0,25
3,76	-0,18
3,91	-0,16
3,8	-0,24
3,78	-0,11
3,8	-0,07
3,78	-0,08
3,77	-0,11
3,73	-0,09
3,75	-0,1
3,78	-0,16
3,72	-0,09
3,66	-0,22
3,77	-0,14
3,66	-0,15
3,66	-0,19
3,66	-0,12
3,66	-0,09
3,64	-0,2
3,61	-0,11
3,59	-0,11
3,61	-0,23
3,61	-0,17
3,58	-0,11
3,56	-0,1
3,55	-0,27
3,54	-0,26
3,45	-0,15
3,53	-0,1
3,52	-0,08
3,49	-0,23
3,55	-0,15
3,47	-0,11
3,46	-0,11
3,45	-0,1
3,46	-0,19
3,42	-0,1
3,42	-0,18
3,41	-0,26
3,46	-0,15
3,45	-0,16
3,37	-0,11
3,35	-0,22
3,36	-0,19
3,26	-0,12
3,35	-0,19
3,36	-0,15
3,38	-0,13
3,31	-0,17
3,28	-0,22
3,26	-0,23
3,26	-0,09
3,23	-0,22
3,29	-0,1
3,27	-0,14
3,23	-0,18
3,19	-0,18
3,2	-0,2
3,18	-0,22
3,16	-0,23
3,19	-0,17
3,12	-0,2
3,12	-0,18
3,12	-0,2
3,1	-0,25
3,14	-0,15
3,1	-0,12
3,08	-0,11
3,05	-0,21
  3	-0,24
3,04	-0,19
2,94	-0,14
  3	-0,24
  3	-0,09
  3	-0,1
3,05	-0,14
2,97	-0,08
2,87	-0,14
2,94	-0,23
2,93	-0,1
2,98	-0,15
2,92	-0,1
2,89	-0,24
2,89	-0,12
2,83	-0,23
2,9	-0,17
2,77	-0,17
2,87	-0,16
2,83	-0,11
2,89	-0,13
2,74	-0,17
2,87	-0,17
2,8	-0,18
2,79	-0,17
2,8	-0,16
2,8	-0,16
2,7	-0,14
2,77	-0,13
2,7	-0,25
2,7	-0,23
2,7	-0,18
2,61	-0,15
2,67	-0,1
2,63	-0,11
2,56	-0,17
2,62	-0,22
2,62	-0,1
2,61	-0,07
2,59	-0,09
2,58	-0,11
2,56	-0,2
2,55	-0,18
2,55	-0,25
2,54	-0,12
2,53	-0,25
2,51	-0,07
2,48	-0,1
2,48	-0,11
2,4	-0,15
2,47	-0,09
2,44	-0,22
2,42	-0,22
2,43	-0,11
2,37	-0,18
2,45	-0,16
2,4	-0,12
2,41	-0,19
2,36	-0,24
2,36	-0,25
2,34	-0,22
2,39	-0,16
2,33	-0,15
2,35	-0,17
2,31	-0,2
2,36	-0,11
2,29	-0,19
2,26	-0,23
2,24	-0,25
2,25	-0,22
2,28	-0,14
2,21	-0,26
2,22	-0,06
2,2	-0,19
2,19	-0,21
2,16	-0,12
2,22	-0,13
2,15	-0,1
2,14	-0,22
2,06	-0,14
2,12	-0,13
2,17	-0,15
2,09	-0,11
2,09	-0,13
2,14	-0,13
2,06	-0,21
2,04	-0,21
2,07	-0,11
2,02	-0,24
2,02	-0,08
  2	-0,25
1,98	-0,21
2,06	-0,12
1,99	-0,16
1,97	-0,11
1,95	-0,18
1,92	-0,22
1,97	-0,15
1,92	-0,19
1,88	-0,22
1,87	-0,12
1,87	-0,09
1,89	-0,16
1,84	-0,26
1,77	-0,17
1,83	-0,09
1,89	-0,17
1,82	-0,2
1,78	-0,18
1,78	-0,11
1,73	-0,12
1,73	-0,12
1,75	-0,09
1,75	-0,12
1,8	-0,13
1,7	-0,14
1,69	-0,19
1,73	-0,16
1,7	-0,18
1,66	-0,07
1,66	-0,09
1,64	-0,24
1,63	-0,1
1,62	-0,16
1,59	-0,16
1,59	-0,07
1,61	-0,16
1,57	-0,07
1,56	-0,19
1,46	-0,14
1,55	-0,21
1,51	-0,21
1,51	-0,2
1,51	-0,13
1,5	-0,11
1,48	-0,06
1,47	-0,09
1,4	-0,12
1,45	-0,09
1,44	-0,13
1,4	-0,22
1,42	-0,11
1,4	-0,09
1,36	-0,12
1,37	-0,25
1,32	-0,12
1,35	-0,07
1,36	-0,16
1,32	-0,07
1,31	-0,07
1,29	-0,23
1,3	-0,14
1,35	-0,14
1,27	-0,11
1,25	-0,23
1,25	-0,11
1,23	-0,11
1,28	-0,16
1,18	-0,13
1,2	-0,07
1,19	-0,11
1,25	-0,12
1,17	-0,06
1,15	-0,21
1,13	-0,21
1,2	-0,14
1,05	-0,12
1,1	-0,08
1,1	-0,09
1,1	-0,16
1,07	-0,09
1,12	-0,15
1,03	-0,2
0,95	-0,17
1,03	-0,3
1,04	-0,28
0,99	-0,27
1,02	-0,33
0,91	-0,32
0,98	-0,26
0,96	-0,33
0,95	-0,35
0,92	-0,31
0,93	-0,24
0,92	-0,22
0,89	-0,16
0,88	-0,3
0,88	-0,1
0,85	-0,2
0,84	-0,19
0,83	-0,16
0,83	-0,1
0,8	-0,1
0,85	-0,09
0,86	-0,08
0,71	-0,1
0,77	-0,13
0,67	-0,1
0,82	-0,09
0,74	-0,1
0,73	-0,05
0,71	-0,04
0,7	-0,08
0,69	-0,05
0,74	-0,08
0,66	-0,07
0,65	-0,14
0,66	-0,1
0,63	-0,04
0,61	-0,1
0,65	-0,1
0,57	-0,1
0,58	-0,17
0,57	-0,17
0,56	-0,17
0,54	-0,15
0,53	-0,14
0,54	-0,12
0,51	-0,12
0,5	-0,07
0,49	-0,04
0,44	-0,1
0,43	-0,1
0,37	-0,12
0,43	-0,16
0,43	-0,07
0,41	-0,13
0,4	-0,1
0,44	-0,1
0,39	-0,04
0,37	-0,17
0,36	-0,05
0,35	-0,15
0,3	-0,11
0,32	-0,11
0,32	-0,05
0,29	-0,12
0,23	-0,13
0,31	-0,1
0,26	-0,12
0,25	-0,12
0,26	-0,04
0,15	-0,11
0,24	-0,09
0,22	-0,07
0,2	-0,09
0,15	-0,11
0,17	-0,1
0,15	-0,1
0,16	-0,08
0,06	-0,11
0,13	-0,03
0,13	-0,06
0,09	-0,09
0,04	-0,09
0,07	-0,13
0,07	-0,06
0,05	-0,15
0,05	-0,11
0,01	-0,1
0,03	-0,09
  0	-0,14
0,01	-0,06
-0,01	-0,09
0,04	-0,09
0,04	-0,11
