-0,11	  0
0,03	-0,02
-0,13	  0
-0,02	0,04
-0,11	-0,01
-0,02	0,02
-0,01	0,02
-0,01	-0,01
0,01	0,03
0,04	0,09
0,05	0,13
0,06	0,14
0,06	0,17
0,05	0,18
0,07	0,18
0,11	0,22
0,12	0,14
0,12	0,18
0,13	0,12
0,15	0,16
0,16	0,11
0,26	0,08
0,25	0,07
0,2	0,11
0,24	0,15
0,21	0,14
0,24	0,11
0,26	0,15
0,24	0,14
0,26	0,14
0,28	0,18
0,28	0,16
0,29	0,13
0,24	0,13
0,28	0,13
0,35	0,15
0,29	0,12
0,37	0,17
0,38	0,11
0,4	0,16
0,4	0,13
0,35	0,14
0,42	0,17
0,43	0,15
0,4	0,13
0,52	0,12
0,46	0,15
0,41	0,13
0,56	0,12
0,5	0,13
0,51	0,16
0,45	0,12
0,59	0,12
0,56	0,1
0,52	0,13
0,65	0,1
0,63	0,14
0,59	0,14
0,61	0,15
0,61	0,16
0,68	0,14
0,63	0,16
0,65	0,15
0,66	0,14
0,68	0,14
0,62	0,13
0,71	0,16
0,68	0,13
0,69	0,14
0,78	0,13
0,75	0,1
0,76	0,15
0,7	0,14
0,78	0,12
0,8	0,13
0,81	0,18
0,81	0,12
0,8	0,12
0,76	0,13
0,85	0,13
0,87	0,12
0,88	0,14
0,88	0,13
0,9	0,17
0,92	0,14
0,99	0,1
0,9	0,13
1,01	0,12
0,92	0,14
0,97	0,11
0,98	0,17
0,99	0,15
0,99	0,16
1,09	0,15
1,09	0,19
1,03	0,25
1,02	0,28
1,05	0,35
1,04	0,37
1,08	0,45
1,08	0,51
1,15	0,57
1,13	0,6
1,12	0,68
1,2	0,72
1,2	0,75
1,15	0,76
1,16	0,76
1,19	0,72
1,19	0,7
1,2	0,61
1,23	0,54
1,23	0,46
1,23	0,4
1,29	0,33
1,27	0,28
1,28	0,27
1,28	0,21
1,3	0,18
1,34	0,2
1,31	0,2
1,35	0,2
1,34	0,24
1,38	0,23
1,31	0,22
1,35	0,23
1,39	0,24
1,33	0,24
1,42	0,24
1,42	0,27
1,44	0,29
1,37	0,24
1,5	0,26
1,48	0,24
1,41	0,23
1,49	0,24
1,58	0,24
1,47	0,23
1,5	0,24
1,59	0,25
1,54	0,21
1,56	0,24
1,59	0,24
1,58	0,25
1,61	0,24
1,62	0,26
1,64	0,21
1,65	0,23
1,65	0,24
1,64	0,23
1,67	0,26
1,67	0,25
1,69	0,24
1,71	0,22
1,72	0,22
1,66	0,23
1,76	0,22
1,75	0,28
1,75	0,25
1,75	0,24
1,79	0,27
1,88	0,24
1,83	0,24
1,83	0,28
1,81	0,24
1,81	0,24
1,78	0,25
1,85	0,27
1,93	0,25
1,89	0,22
1,9	0,23
1,92	0,28
1,92	0,23
1,9	0,23
1,94	0,25
  2	0,25
2,04	0,23
1,98	0,23
1,92	0,23
  2	0,24
2,04	0,25
2,08	0,26
2,05	0,28
2,12	0,23
2,08	0,23
2,12	0,25
2,09	0,24
2,1	0,23
2,03	0,24
2,11	0,26
2,14	0,26
2,17	0,25
2,23	0,24
2,18	0,22
2,13	0,23
2,19	0,23
2,25	0,24
2,21	0,23
2,31	0,23
2,23	0,25
2,26	0,22
2,19	0,23
2,26	0,24
2,37	0,25
2,31	0,24
2,37	0,26
2,33	0,23
2,32	0,24
2,36	0,21
2,37	0,28
2,37	0,21
2,39	0,25
2,39	0,24
2,42	0,26
2,41	0,25
2,42	0,22
2,42	0,24
2,47	0,22
2,47	0,22
2,53	0,25
2,5	0,25
2,5	0,25
2,51	0,24
2,5	0,24
2,5	0,24
2,53	0,25
2,56	0,24
2,56	0,23
2,66	0,25
2,59	0,23
2,61	0,24
2,58	0,25
2,62	0,22
2,69	0,24
2,64	0,24
2,66	0,26
2,66	0,26
2,75	0,23
2,63	0,23
2,78	0,24
2,7	0,25
2,73	0,25
2,72	0,24
2,78	0,26
2,76	0,25
2,78	0,22
2,81	0,26
2,8	0,29
2,85	0,26
2,81	0,24
2,82	0,21
2,76	0,22
2,89	0,24
2,87	0,2
2,89	0,2
2,92	0,26
2,91	0,24
2,91	0,22
2,94	0,27
2,95	0,27
2,96	0,29
2,97	0,25
2,98	0,26
2,98	0,27
2,98	0,24
3,04	0,25
3,03	0,22
3,02	0,24
3,03	0,25
3,03	0,24
3,05	0,26
  3	0,24
3,11	0,25
3,08	0,24
3,06	0,23
3,12	0,26
3,14	0,27
3,15	0,29
3,16	0,25
3,15	0,28
3,19	0,25
3,23	0,25
3,2	0,25
3,27	0,25
3,23	0,24
3,23	0,24
3,23	0,2
3,23	0,23
3,27	0,22
3,28	0,26
3,31	0,21
3,31	0,26
3,33	0,22
3,32	0,26
3,33	0,24
3,39	0,26
3,39	0,26
3,39	0,25
3,41	0,25
3,41	0,25
3,42	0,27
3,41	0,23
3,44	0,27
3,45	0,26
3,45	0,25
3,46	0,26
3,48	0,26
3,42	0,24
3,5	0,25
3,53	0,23
3,52	0,25
3,53	0,24
3,55	0,26
3,56	0,24
3,59	0,25
3,58	0,24
3,6	0,28
3,63	0,22
3,63	0,22
3,63	0,24
3,6	0,25
3,63	0,24
3,66	0,26
3,67	0,25
3,7	0,26
3,7	0,26
3,64	0,22
3,77	0,24
3,73	0,24
3,74	0,25
3,75	0,24
3,79	0,22
3,75	0,24
3,81	0,24
3,83	0,25
3,83	0,24
3,85	0,25
3,76	0,23
3,86	0,22
3,79	0,23
3,88	0,24
3,9	0,28
3,86	0,24
3,91	0,25
3,94	0,21
3,97	0,25
3,97	0,21
3,89	0,24
4,04	0,25
3,99	0,24
3,99	0,26
4,02	0,23
4,03	0,25
3,98	0,24
4,04	0,23
4,06	0,25
4,05	0,25
4,08	0,23
4,12	0,28
4,03	0,23
4,18	0,23
4,21	0,23
4,2	0,25
4,15	0,25
4,24	0,23
4,18	0,24
4,19	0,25
4,21	0,22
4,19	0,24
4,22	0,23
4,2	0,24
4,28	0,25
4,21	0,23
4,27	0,22
4,27	0,24
4,28	0,25
4,28	0,24
4,24	0,24
4,21	0,23
4,39	0,25
4,35	0,25
4,35	0,22
4,4	0,25
4,32	0,24
4,33	0,24
4,4	0,22
4,42	0,27
4,43	0,21
4,43	0,25
4,41	0,24
4,47	0,21
4,4	0,24
4,5	0,21
4,52	0,25
4,52	0,21
4,45	0,23
4,5	0,24
4,55	0,25
4,49	0,23
4,58	0,25
4,57	0,27
4,56	0,24
4,67	0,24
4,68	0,24
4,59	0,25
4,57	0,17
4,57	0,07
4,53	0,04
4,5	-0,11
4,5	-0,05
4,5	-0,28
4,43	-0,36
4,45	-0,41
4,51	-0,44
4,44	-0,4
4,5	-0,39
4,44	-0,35
4,42	-0,15
4,4	-0,06
4,38	-0,1
4,38	-0,15
4,37	-0,08
4,34	-0,12
4,35	-0,06
4,3	-0,11
4,33	-0,23
4,29	-0,25
4,27	-0,27
4,36	-0,2
4,29	-0,23
4,33	-0,2
4,24	-0,11
4,23	-0,08
4,24	-0,1
4,25	-0,14
4,21	-0,18
4,16	-0,09
4,17	-0,17
4,17	-0,09
4,1	-0,13
4,09	-0,14
4,1	-0,26
4,13	-0,21
4,1	-0,07
4,15	-0,15
4,06	-0,15
4,07	-0,27
4,09	-0,17
3,99	-0,16
4,04	-0,09
4,02	-0,09
4,02	-0,11
4,01	-0,11
3,92	-0,17
4,05	-0,15
3,97	-0,08
3,97	-0,12
4,02	-0,15
3,98	-0,18
3,91	-0,24
3,98	-0,15
3,82	-0,14
3,88	-0,1
3,94	-0,15
3,9	-0,18
3,92	-0,16
3,78	-0,2
3,83	-0,11
3,81	-0,25
3,81	-0,18
3,85	-0,17
3,8	-0,18
3,77	-0,07
3,75	-0,2
3,75	-0,08
3,72	-0,12
3,74	-0,21
3,72	-0,11
3,71	-0,11
3,69	-0,18
3,67	-0,26
3,66	-0,23
3,67	-0,13
3,64	-0,08
3,64	-0,13
3,61	-0,29
3,65	-0,1
3,59	-0,09
3,6	-0,19
3,57	-0,07
3,52	-0,24
3,52	-0,11
3,61	-0,15
3,52	-0,23
3,45	-0,14
3,5	-0,25
3,56	-0,14
3,49	-0,12
3,5	-0,17
3,46	-0,21
3,45	-0,12
3,43	-0,11
3,43	-0,07
3,41	-0,1
3,39	-0,26
3,42	-0,15
3,28	-0,15
3,36	-0,07
3,34	-0,23
3,33	-0,26
3,24	-0,13
3,32	-0,11
3,3	-0,19
3,21	-0,15
3,28	-0,12
3,33	-0,13
3,26	-0,07
3,23	-0,26
3,23	-0,22
3,19	-0,1
3,21	-0,08
3,2	-0,07
3,19	-0,09
3,17	-0,11
3,17	-0,08
3,16	-0,1
3,05	-0,18
3,11	-0,11
3,12	-0,11
3,11	-0,21
3,06	-0,12
3,08	-0,14
3,07	-0,1
  3	-0,18
3,05	-0,09
2,97	-0,14
3,03	-0,2
  3	-0,11
  3	-0,11
2,92	-0,15
2,98	-0,1
2,98	-0,2
2,94	-0,24
2,94	-0,11
  3	-0,14
2,92	-0,08
2,91	-0,2
2,93	-0,15
2,88	-0,24
2,87	-0,22
2,87	-0,18
2,85	-0,19
2,84	-0,09
2,78	-0,12
2,76	-0,15
2,81	-0,08
2,78	-0,08
2,78	-0,18
2,77	-0,19
2,8	-0,16
2,75	-0,08
2,74	-0,11
2,72	-0,09
2,7	-0,11
2,7	-0,12
2,73	-0,17
2,68	-0,23
2,66	-0,11
2,56	-0,16
2,63	-0,26
2,63	-0,27
2,61	-0,24
2,6	-0,24
2,59	-0,22
2,58	-0,2
2,61	-0,15
2,55	-0,23
2,53	-0,11
2,54	-0,2
2,55	-0,16
2,51	-0,23
2,49	-0,2
2,48	-0,07
2,51	-0,16
2,47	-0,25
2,44	-0,24
2,41	-0,11
2,44	-0,08
2,41	-0,25
2,4	-0,25
2,34	-0,14
2,37	-0,26
2,36	-0,11
2,36	-0,08
2,27	-0,17
2,34	-0,1
2,27	-0,13
2,37	-0,16
2,29	-0,26
2,27	-0,1
2,36	-0,15
2,28	-0,2
2,19	-0,13
2,24	-0,22
2,22	-0,21
2,26	-0,19
2,2	-0,24
2,22	-0,15
2,25	-0,14
2,09	-0,15
2,22	-0,12
2,14	-0,17
2,15	-0,19
2,12	-0,11
2,04	-0,17
2,18	-0,16
2,09	-0,25
2,06	-0,13
2,06	-0,2
2,02	-0,11
2,05	-0,08
2,04	-0,18
2,03	-0,07
1,95	-0,13
  2	-0,1
2,04	-0,12
1,98	-0,23
1,96	-0,24
1,95	-0,25
1,93	-0,2
1,87	-0,2
1,95	-0,16
1,92	-0,19
1,89	-0,11
1,88	-0,24
1,8	-0,13
1,86	-0,06
1,83	-0,1
1,84	-0,08
1,89	-0,16
1,8	-0,23
1,72	-0,13
1,71	-0,13
1,82	-0,18
1,84	-0,14
1,75	-0,27
1,69	-0,14
1,74	-0,09
1,72	-0,18
1,7	-0,22
1,7	-0,08
1,73	-0,12
1,68	-0,19
1,66	-0,21
1,72	-0,14
1,61	-0,14
1,62	-0,22
1,55	-0,17
1,68	-0,17
1,59	-0,13
1,62	-0,15
1,57	-0,24
1,53	-0,12
1,55	-0,1
1,53	-0,12
1,49	-0,1
1,53	-0,18
1,49	-0,25
1,57	-0,14
1,48	-0,1
1,44	-0,16
1,46	-0,07
1,43	-0,23
1,43	-0,05
1,42	-0,23
1,42	-0,12
1,37	-0,1
1,45	-0,14
1,37	-0,09
1,37	-0,08
1,35	-0,07
1,35	-0,07
1,31	-0,2
1,24	-0,13
1,22	-0,14
1,29	-0,08
1,28	-0,18
1,26	-0,11
1,18	-0,16
1,22	-0,12
1,23	-0,11
1,18	-0,24
1,26	-0,09
1,12	-0,12
1,18	-0,21
1,18	-0,17
1,2	-0,1
1,13	-0,09
1,15	-0,2
1,15	-0,16
1,16	-0,15
1,19	-0,15
1,12	-0,11
1,01	-0,15
0,99	-0,17
1,07	-0,11
1,04	-0,08
1,05	-0,09
1,03	-0,18
  1	-0,24
1,01	-0,26
0,92	-0,28
0,94	-0,33
0,98	-0,26
0,96	-0,25
0,93	-0,32
0,92	-0,3
0,91	-0,3
0,92	-0,26
0,92	-0,31
0,9	-0,2
0,86	-0,28
0,93	-0,15
0,79	-0,2
0,85	-0,07
0,76	-0,13
0,81	-0,08
0,8	-0,16
0,76	-0,13
0,79	-0,09
0,78	-0,08
0,77	-0,1
0,74	-0,14
0,72	-0,11
0,74	-0,1
0,77	-0,06
0,68	-0,1
0,68	-0,12
0,67	-0,11
0,64	-0,1
0,66	-0,05
0,66	-0,1
0,63	-0,12
0,62	-0,12
0,6	-0,05
0,59	-0,14
0,57	-0,15
0,5	-0,12
0,54	-0,12
0,47	-0,1
0,52	-0,17
0,57	-0,1
0,51	-0,16
0,5	-0,05
0,46	-0,18
0,46	-0,05
0,48	-0,12
0,45	-0,11
0,43	-0,14
0,42	-0,18
0,42	-0,05
0,4	-0,13
0,38	-0,12
0,42	-0,1
0,45	-0,1
0,27	-0,11
0,42	-0,09
0,34	-0,12
0,33	-0,06
0,31	-0,08
0,25	-0,1
0,22	-0,1
0,2	-0,11
0,27	-0,07
0,27	-0,12
0,24	-0,13
0,23	-0,06
0,17	-0,1
0,2	-0,1
0,2	-0,06
0,19	-0,04
0,13	-0,11
0,17	-0,05
0,16	-0,09
0,13	-0,16
0,12	-0,1
0,11	-0,09
0,11	-0,11
0,09	-0,15
0,1	-0,1
0,06	-0,12
0,07	-0,05
0,05	-0,11
-0,04	-0,1
0,07	-0,08
0,09	-0,08
0,01	-0,09
-0,01	-0,13
-0,01	-0,04
0,01	-0,08
