0,02	-0,04
0,03	-0,03
-0,05	-0,04
-0,03	0,01
-0,05	 -0
-0,02	  0
-0,03	-0,02
-0,01	0,01
0,02	0,08
0,02	0,03
0,03	0,11
  0	0,14
0,02	0,16
0,1	0,17
0,1	0,17
0,1	0,19
0,1	0,2
0,07	0,15
0,1	0,14
0,15	0,17
0,19	0,08
0,18	0,09
0,25	0,08
0,15	0,12
0,18	0,12
0,19	0,14
0,23	0,13
0,21	0,13
0,24	0,12
0,34	0,13
0,28	0,13
0,3	0,15
0,31	0,16
0,31	0,16
0,32	0,15
0,26	0,13
0,36	0,09
0,35	0,14
0,38	0,14
0,44	0,11
0,38	0,15
0,48	0,12
0,4	0,14
0,43	0,12
0,45	0,17
0,45	0,15
0,5	0,13
0,5	0,12
0,49	0,17
0,49	0,16
0,52	0,16
0,52	0,13
0,53	0,15
0,49	0,13
0,52	0,13
0,53	0,14
0,57	0,15
0,57	0,13
0,59	0,1
0,66	0,1
0,71	0,1
0,62	0,15
0,67	0,13
0,64	0,12
0,69	0,15
0,68	0,13
0,7	0,12
0,71	0,11
0,73	0,13
0,68	0,12
0,74	0,13
0,76	0,15
0,7	0,14
0,78	0,12
0,74	0,12
0,87	0,14
0,86	0,13
0,82	0,15
0,81	0,12
0,85	0,16
0,87	0,12
0,79	0,14
0,9	0,11
0,98	0,11
0,95	0,13
0,93	0,11
0,92	0,16
0,93	0,15
0,96	0,12
0,96	0,15
1,01	0,19
0,95	0,16
  1	0,22
1,09	0,25
1,01	0,3
1,05	0,34
1,04	0,4
1,08	0,46
1,09	0,49
1,09	0,6
1,11	0,64
1,1	0,69
1,12	0,74
1,09	0,75
1,12	0,74
1,15	0,77
1,2	0,72
1,18	0,65
1,17	0,6
1,2	0,51
1,27	0,45
1,23	0,38
1,23	0,29
1,26	0,27
1,23	0,26
1,26	0,2
1,2	0,19
1,29	0,2
1,29	0,21
1,31	0,21
1,33	0,22
1,34	0,22
1,39	0,23
1,42	0,25
1,37	0,24
1,34	0,24
1,31	0,23
1,41	0,25
1,42	0,25
1,44	0,22
1,4	0,25
1,47	0,25
1,4	0,23
1,47	0,26
1,54	0,26
1,45	0,23
1,47	0,24
1,52	0,22
1,53	0,27
1,62	0,24
1,54	0,24
1,51	0,23
1,51	0,23
1,65	0,24
1,52	0,23
1,6	0,26
1,62	0,23
1,56	0,24
1,65	0,28
1,65	0,24
1,7	0,25
1,67	0,27
1,7	0,25
1,7	0,26
1,7	0,25
1,73	0,23
1,67	0,24
1,76	0,24
1,75	0,24
1,78	0,26
1,79	0,25
1,78	0,25
1,8	0,24
1,79	0,24
1,82	0,27
1,81	0,24
1,96	0,25
1,86	0,24
1,9	0,25
1,87	0,24
1,89	0,25
1,9	0,24
1,89	0,24
1,95	0,21
1,92	0,24
1,88	0,24
1,99	0,26
1,98	0,25
1,98	0,24
2,01	0,26
2,01	0,27
2,03	0,24
2,04	0,27
2,04	0,24
2,08	0,25
2,08	0,25
2,1	0,24
2,09	0,25
2,12	0,23
2,19	0,26
2,13	0,25
2,09	0,24
2,11	0,24
2,18	0,24
2,17	0,28
2,19	0,22
2,21	0,21
2,21	0,25
2,23	0,28
2,25	0,24
2,21	0,23
2,3	0,26
2,31	0,25
2,29	0,24
2,3	0,23
2,3	0,26
2,35	0,23
2,33	0,24
2,31	0,24
2,34	0,21
2,36	0,25
2,39	0,23
2,4	0,25
2,41	0,22
2,41	0,25
2,4	0,24
2,43	0,27
2,46	0,25
2,46	0,25
2,47	0,29
2,49	0,25
2,51	0,25
2,51	0,25
2,51	0,27
2,6	0,24
2,55	0,3
2,56	0,24
2,62	0,24
2,6	0,25
2,59	0,24
2,67	0,24
2,62	0,2
2,62	0,28
2,65	0,28
2,69	0,25
2,74	0,24
2,72	0,24
2,68	0,25
2,69	0,25
2,67	0,24
2,7	0,25
2,72	0,26
2,73	0,26
2,72	0,24
2,76	0,27
2,7	0,23
2,78	0,24
2,78	0,24
2,75	0,23
2,81	0,24
2,86	0,24
2,85	0,28
2,9	0,23
2,88	0,22
2,89	0,28
2,9	0,22
2,92	0,25
2,84	0,24
  3	0,26
2,98	0,25
2,95	0,25
2,89	0,23
2,98	0,21
2,99	0,25
3,09	0,23
3,02	0,21
3,03	0,21
3,03	0,23
3,03	0,24
2,98	0,23
3,11	0,25
3,14	0,25
3,08	0,25
3,17	0,25
3,12	0,25
3,09	0,24
3,22	0,25
3,16	0,24
3,17	0,21
3,17	0,21
3,17	0,26
3,18	0,24
3,23	0,25
3,22	0,24
3,3	0,25
3,22	0,24
3,32	0,25
3,3	0,25
3,27	0,22
3,23	0,23
3,31	0,21
3,31	0,27
3,38	0,25
3,3	0,25
3,34	0,27
3,36	0,21
3,36	0,26
3,33	0,23
3,47	0,25
3,4	0,26
3,34	0,24
3,35	0,22
3,44	0,24
3,45	0,24
3,38	0,23
3,48	0,28
3,5	0,25
3,49	0,22
3,55	0,25
3,5	0,24
3,6	0,23
3,58	0,25
3,51	0,24
3,56	0,24
3,57	0,26
3,59	0,25
3,58	0,24
3,61	0,29
3,66	0,23
3,61	0,24
3,66	0,23
3,74	0,24
3,66	0,25
3,68	0,24
3,7	0,28
3,72	0,21
3,72	0,22
3,71	0,25
3,75	0,29
3,77	0,23
3,75	0,26
3,78	0,25
3,78	0,26
3,81	0,25
3,87	0,23
3,82	0,24
3,83	0,24
3,85	0,25
3,86	0,26
3,86	0,24
3,84	0,22
3,91	0,23
3,98	0,23
3,9	0,24
3,91	0,24
3,86	0,23
3,96	0,25
3,95	0,27
3,99	0,23
3,91	0,24
3,91	0,24
4,01	0,24
4,1	0,24
4,1	0,25
4,11	0,24
4,06	0,23
4,05	0,25
4,08	0,22
4,1	0,27
4,1	0,25
4,1	0,26
4,05	0,23
4,09	0,24
4,18	0,23
4,16	0,22
4,17	0,25
4,17	0,23
4,27	0,25
4,21	0,25
4,21	0,26
4,25	0,25
4,24	0,22
4,27	0,24
4,26	0,26
4,35	0,25
4,21	0,23
4,29	0,26
4,39	0,24
4,39	0,24
4,35	0,21
4,37	0,26
4,35	0,25
4,36	0,23
4,3	0,24
4,4	0,25
4,47	0,25
4,42	0,28
4,43	0,29
4,43	0,25
4,37	0,24
4,46	0,25
4,48	0,22
4,5	0,25
4,57	0,24
4,51	0,26
4,6	0,25
4,52	0,25
4,56	0,24
4,56	0,23
4,57	0,24
4,56	0,23
4,64	0,22
4,6	0,22
4,6	0,27
4,58	0,23
4,5	0,17
4,52	0,1
4,62	0,01
4,55	-0,02
4,49	-0,1
4,47	-0,34
4,38	-0,35
4,44	-0,44
4,43	-0,38
4,43	-0,38
4,51	-0,4
4,41	-0,29
4,46	-0,23
4,42	-0,1
4,39	-0,14
4,3	-0,11
4,41	-0,09
4,32	-0,1
4,28	-0,11
4,3	-0,11
4,32	-0,11
4,23	-0,23
4,28	-0,18
4,28	-0,31
4,26	-0,29
4,18	-0,24
4,25	-0,09
4,22	-0,22
4,21	-0,19
4,19	-0,1
4,2	-0,08
4,11	-0,11
4,16	-0,12
4,15	-0,21
4,14	-0,24
4,14	-0,13
4,12	-0,25
4,08	-0,12
4,1	-0,21
4,1	-0,13
4,09	-0,22
4,06	-0,22
3,97	-0,16
4,08	-0,12
4,08	-0,17
  4	-0,12
3,92	-0,15
4,01	-0,13
3,96	-0,23
3,97	-0,11
3,88	-0,17
3,94	-0,23
3,94	-0,11
3,9	-0,12
3,92	-0,12
3,88	-0,11
3,89	-0,21
3,87	-0,14
3,88	-0,1
3,86	-0,24
3,89	-0,19
3,81	-0,22
3,75	-0,15
3,8	-0,22
3,82	-0,2
3,84	-0,14
3,76	-0,22
3,72	-0,22
3,75	-0,06
3,74	-0,09
3,77	-0,17
3,67	-0,12
3,77	-0,17
3,63	-0,16
3,61	-0,14
3,73	-0,12
3,7	-0,16
3,64	-0,26
3,63	-0,11
3,66	-0,18
3,62	-0,2
3,61	-0,19
3,58	-0,25
3,57	-0,11
3,55	-0,2
3,53	-0,23
3,53	-0,23
3,56	-0,17
3,56	-0,2
3,49	-0,1
3,56	-0,14
3,56	-0,14
3,47	-0,1
3,48	-0,16
3,41	-0,13
3,44	-0,26
3,42	-0,22
3,31	-0,18
3,4	-0,24
3,4	-0,08
3,46	-0,11
3,37	-0,25
3,36	-0,19
3,33	-0,16
3,25	-0,17
3,34	-0,17
3,29	-0,07
3,3	-0,11
3,3	-0,12
3,27	-0,2
3,18	-0,17
3,17	-0,16
3,26	-0,2
3,24	-0,12
3,22	-0,09
3,21	-0,08
3,17	-0,24
3,19	-0,12
3,19	-0,08
3,17	-0,12
3,17	-0,18
3,14	-0,22
3,12	-0,11
3,11	-0,24
3,11	-0,21
3,07	-0,12
3,1	-0,19
3,06	-0,19
3,08	-0,16
  3	-0,14
3,02	-0,11
3,02	-0,23
3,02	-0,09
3,01	-0,08
  3	-0,08
2,98	-0,1
2,95	-0,23
3,03	-0,16
2,95	-0,07
2,91	-0,11
2,98	-0,16
2,86	-0,13
2,91	-0,14
2,82	-0,16
2,88	-0,11
2,86	-0,1
2,8	-0,12
2,92	-0,14
2,91	-0,14
2,75	-0,15
2,8	-0,2
2,79	-0,11
2,86	-0,14
2,78	-0,21
2,81	-0,15
2,73	-0,1
2,76	-0,16
2,73	-0,18
2,72	-0,11
2,69	-0,12
2,69	-0,22
2,68	-0,19
2,65	-0,23
2,71	-0,16
2,63	-0,14
2,63	-0,08
2,62	-0,07
2,6	-0,1
2,58	-0,22
2,58	-0,07
2,55	-0,19
2,54	-0,22
2,55	-0,12
2,5	-0,13
2,52	-0,08
2,51	-0,21
2,49	-0,2
2,46	-0,2
2,47	-0,23
2,45	-0,2
2,42	-0,11
2,43	-0,2
2,4	-0,11
2,42	-0,08
2,42	-0,21
2,39	-0,22
2,41	-0,21
2,37	-0,27
2,35	-0,21
2,37	-0,18
2,34	-0,21
2,34	-0,09
2,31	-0,21
2,31	-0,12
2,3	-0,07
2,26	-0,26
2,26	-0,25
2,25	-0,11
2,25	-0,06
2,23	-0,22
2,22	-0,22
2,22	-0,19
2,21	-0,2
2,19	-0,18
2,12	-0,16
2,22	-0,16
2,13	-0,19
2,21	-0,14
2,2	-0,15
2,13	-0,2
2,11	-0,09
2,09	-0,09
2,07	-0,2
2,1	-0,16
1,98	-0,15
2,03	-0,25
2,04	-0,1
1,98	-0,2
2,01	-0,22
1,99	-0,17
1,98	-0,27
2,04	-0,13
1,95	-0,11
1,92	-0,24
1,92	-0,1
1,93	-0,08
1,92	-0,07
1,96	-0,16
1,88	-0,11
1,88	-0,1
1,87	-0,08
1,86	-0,23
1,83	-0,23
1,82	-0,24
1,85	-0,18
1,85	-0,11
1,78	-0,22
1,79	-0,09
1,79	-0,21
1,76	-0,25
1,72	-0,15
1,73	-0,19
1,73	-0,25
1,75	-0,24
1,67	-0,11
1,74	-0,14
1,68	-0,2
1,61	-0,16
1,65	-0,12
1,68	-0,16
1,56	-0,13
1,64	-0,08
1,61	-0,15
1,61	-0,06
1,59	-0,07
1,66	-0,18
1,57	-0,18
1,61	-0,07
1,58	-0,16
1,54	-0,09
1,49	-0,12
1,5	-0,23
1,46	-0,15
1,51	-0,19
1,47	-0,1
1,48	-0,07
1,46	-0,07
1,43	-0,23
1,44	-0,09
1,48	-0,12
1,4	-0,1
1,4	-0,11
1,35	-0,12
1,43	-0,13
1,4	-0,16
1,35	-0,12
1,34	-0,1
1,33	-0,17
1,29	-0,11
1,23	-0,18
1,28	-0,11
1,28	-0,24
1,28	-0,07
1,32	-0,16
1,24	-0,07
1,22	-0,24
1,23	-0,08
1,27	-0,12
1,19	-0,2
1,18	-0,25
1,26	-0,12
1,15	-0,1
1,11	-0,11
1,06	-0,15
1,13	-0,06
1,09	-0,26
1,07	-0,11
1,1	-0,08
1,04	-0,12
1,07	-0,11
1,01	-0,17
1,06	-0,15
1,03	-0,2
1,02	-0,22
0,96	-0,15
  1	-0,19
  1	-0,22
0,97	-0,28
0,96	-0,3
0,96	-0,3
0,94	-0,31
0,95	-0,33
0,89	-0,33
0,9	-0,3
0,83	-0,33
0,91	-0,28
0,96	-0,23
0,85	-0,34
0,84	-0,28
0,84	-0,08
0,74	-0,13
0,82	-0,14
0,79	-0,2
0,72	-0,08
0,7	-0,11
0,78	-0,08
0,77	-0,05
0,67	-0,1
0,73	-0,11
0,71	-0,1
0,71	-0,16
0,68	-0,14
0,66	-0,13
0,68	-0,1
0,66	-0,05
0,66	-0,06
0,56	-0,11
0,68	-0,09
0,56	-0,11
0,6	-0,08
0,58	-0,09
0,58	-0,13
0,54	-0,1
0,52	-0,09
0,52	-0,1
0,54	-0,13
0,59	-0,09
0,53	-0,11
0,51	-0,12
0,49	-0,08
0,48	-0,14
0,46	-0,16
0,46	-0,06
0,43	-0,1
0,35	-0,11
0,4	-0,13
0,42	-0,11
0,37	-0,1
0,42	-0,09
0,34	-0,11
0,37	-0,13
0,33	-0,1
0,27	-0,11
0,31	-0,06
0,31	-0,12
0,31	-0,08
0,35	-0,09
0,24	-0,1
0,31	-0,05
0,26	-0,04
0,24	-0,09
0,23	-0,16
0,21	-0,16
0,12	-0,11
0,2	-0,07
0,22	-0,1
0,18	-0,05
0,1	-0,11
0,15	-0,04
0,19	-0,08
0,1	-0,1
0,02	-0,1
0,15	-0,08
0,09	-0,15
0,07	-0,18
0,01	-0,09
0,07	-0,07
0,09	-0,09
0,03	-0,1
0,02	-0,1
0,02	-0,09
0,01	-0,05
-0,02	-0,13
-0,04	-0,09
-0,02	-0,04
