-0,05	0,01
-0,04	-0,01
-0,07	-0,01
-0,03	0,04
-0,12	 -0
-0,02	0,01
-0,01	0,04
0,01	0,02
0,09	0,05
0,05	0,11
0,05	0,14
0,05	0,17
0,06	0,18
0,15	0,21
0,05	0,18
0,05	0,17
0,21	0,15
0,21	0,12
0,17	0,12
0,17	0,13
0,13	0,1
0,18	0,14
0,21	0,11
0,21	0,15
0,21	0,15
0,31	0,09
0,24	0,15
0,23	0,14
0,27	0,12
0,29	0,15
0,29	0,18
0,31	0,14
0,31	0,15
0,32	0,16
0,35	0,14
0,35	0,13
0,35	0,14
0,29	0,14
0,36	0,14
0,32	0,13
0,48	0,13
0,42	0,12
0,43	0,13
0,38	0,13
0,45	0,16
0,45	0,12
0,55	0,13
0,48	0,14
0,5 0,17
0,5	0,16
0,52	0,13
0,52	0,15
0,54	0,15
0,59	0,12
0,56	0,15
0,57	0,14
0,65	0,13
0,62	0,1
0,61	0,15
0,67	0,11
0,71	0,09
0,68	0,14
0,67	0,14
0,67	0,12
0,73	0,15
0,69	0,14
0,66	0,13
0,73	0,17
0,73	0,11
0,69	0,14
0,76	0,12
0,77	0,11
0,79	0,15
0,8	0,13
0,76	0,13
0,87	0,1
0,84	0,11
0,84	0,16
0,85	0,15
0,87	0,15
0,92	0,14
0,81	0,13
0,9	0,13
0,91	0,13
0,92	0,15
0,93	0,15
0,87	0,14
0,93	0,15
0,98	0,21
1,03	0,24
0,97	0,28
0,99	0,36
  1	0,38
0,96	0,45
1,04	0,51
1,04	0,56
1,04	0,64
  1	0,68
1,06	0,73
1,09	0,79
1,09	0,76
1,12	0,74
1,14	0,7
1,13	0,62
1,15	0,56
1,19	0,48
1,2	0,41
1,11	0,34
1,21	0,28
1,25	0,26
1,16	0,22
1,19	0,2
1,23	0,2
1,22	0,2
1,27	0,21
1,29	0,23
1,36	0,23
1,28	0,22
1,35	0,25
1,32	0,24
1,34	0,28
1,41	0,23
1,37	0,24
1,35	0,24
1,38	0,23
1,39	0,24
1,39	0,25
1,41	0,27
1,43	0,26
1,45	0,24
1,44	0,22
1,53	0,21
1,46	0,24
1,48	0,25
1,55	0,27
1,51	0,27
1,6	0,26
1,49	0,24
1,5	0,25
1,54	0,25
1,55	0,26
1,61	0,23
1,6	0,22
1,59	0,26
1,57	0,24
1,62	0,26
1,64	0,26
1,64	0,24
1,56	0,23
1,67	0,25
1,64	0,25
1,75	0,26
1,7	0,24
1,72	0,25
1,73	0,26
1,7	0,24
1,75	0,25
1,77	0,28
1,76	0,23
1,78	0,24
1,76	0,23
1,83	0,25
1,75	0,23
1,8	0,24
1,84	0,23
1,87	0,25
1,86	0,25
1,81	0,22
1,89	0,23
1,9	0,27
1,9	0,26
1,86	0,24
1,98	0,25
2,02	0,24
1,95	0,26
1,97	0,23
1,93	0,23
1,98	0,24
2,01	0,22
  2	0,21
2,03	0,21
2,05	0,28
2,06	0,22
2,08	0,24
2,08	0,24
2,14	0,22
2,09	0,25
2,12	0,22
2,12	0,25
2,18	0,25
2,14	0,23
2,15	0,27
2,22	0,26
2,19	0,28
2,18	0,24
2,19	0,27
2,2	0,23
2,24	0,25
2,24	0,28
2,23	0,25
2,2	0,23
2,28	0,22
2,29	0,25
2,25	0,24
2,3	0,26
2,33	0,28
2,33	0,26
2,39	0,25
2,35	0,25
2,37	0,23
2,4	0,26
2,39	0,23
2,48	0,25
2,36	0,24
2,39	0,23
2,4	0,23
2,53	0,24
2,4	0,22
2,55	0,24
2,48	0,24
2,55	0,25
2,55	0,25
2,59	0,24
2,53	0,23
2,49	0,25
2,56	0,27
2,56	0,27
2,56	0,25
2,55	0,24
2,59	0,27
2,62	0,24
2,64	0,22
2,62	0,26
2,68	0,25
2,67	0,23
2,67	0,27
2,67	0,25
2,68	0,24
2,68	0,24
2,69	0,24
2,72	0,25
2,75	0,25
2,78	0,23
2,81	0,25
2,78	0,22
2,79	0,28
2,83	0,25
2,86	0,25
2,82	0,26
2,85	0,24
2,81	0,24
2,87	0,24
2,86	0,27
2,87	0,26
2,91	0,21
2,83	0,24
2,89	0,24
2,94	0,24
2,92	0,24
2,97	0,26
2,89	0,23
2,98	0,28
2,99	0,25
2,99	0,23
2,92	0,23
3,01	0,24
3,02	0,24
3,05	0,26
3,06	0,25
3,08	0,25
3,08	0,23
3,11	0,25
3,12	0,22
3,11	0,29
3,14	0,22
3,19	0,26
3,18	0,23
3,16	0,25
3,16	0,25
3,16	0,23
3,23	0,25
3,22	0,21
3,22	0,23
3,22	0,28
3,24	0,25
3,25	0,24
3,25	0,27
3,29	0,23
3,3	0,22
3,3	0,22
3,31	0,27
3,33	0,28
3,41	0,25
3,3	0,23
3,3	0,24
3,34	0,23
3,41	0,23
3,39	0,23
3,42	0,25
3,43	0,22
3,42	0,25
3,44	0,24
3,46	0,22
3,44	0,26
3,43	0,23
3,47	0,24
3,5	0,24
3,5	0,24
3,53	0,27
3,52	0,26
3,54	0,24
3,55	0,26
3,5	0,22
3,59	0,22
3,6	0,21
3,59	0,24
3,6	0,24
3,64	0,23
3,64	0,25
3,63	0,24
3,61	0,24
3,66	0,24
3,67	0,25
3,69	0,27
3,69	0,22
3,8	0,24
3,77	0,26
3,74	0,24
3,75	0,27
3,78	0,23
3,77	0,27
3,75	0,25
3,79	0,26
3,81	0,23
3,83	0,24
3,9	0,24
3,86	0,24
3,85	0,24
3,88	0,24
3,88	0,28
3,89	0,22
3,91	0,22
3,85	0,24
3,92	0,26
4,01	0,25
3,96	0,25
3,96	0,23
3,97	0,24
3,99	0,25
3,97	0,24
3,99	0,24
4,03	0,22
4,05	0,21
3,97	0,23
4,06	0,25
4,06	0,24
4,07	0,25
4,1	0,21
4,18	0,25
4,1	0,24
4,19	0,25
4,13	0,23
4,15	0,22
4,16	0,28
4,24	0,22
4,26	0,23
4,14	0,23
4,19	0,24
4,16	0,24
4,19	0,25
4,25	0,23
4,27	0,26
4,27	0,24
4,35	0,23
4,28	0,23
4,31	0,21
4,26	0,24
4,4	0,24
4,33	0,21
4,33	0,24
4,34	0,24
4,38	0,24
4,3	0,24
4,37	0,24
4,38	0,24
4,45	0,24
4,43	0,22
4,43	0,25
4,49	0,26
4,46	0,22
4,47	0,28
4,47	0,24
4,61	0,24
4,55	0,24
4,45	0,23
4,55	0,27
4,55	0,24
4,55	0,24
4,54	0,24
4,6	0,25
4,55	0,24
4,6	0,27
4,6	0,24
4,66	0,2
4,65	0,16
4,58	0,09
4,6	 -0
4,5	-0,09
4,49	-0,06
4,47	-0,35
4,45	-0,38
4,46	-0,38
4,44	-0,41
4,45	-0,4
4,43	-0,39
4,43	-0,36
4,48	-0,21
4,5	-0,11
4,38	-0,16
4,38	-0,07
4,36	-0,13
4,33	-0,13
4,31	-0,11
4,33	-0,15
4,33	-0,08
4,25	-0,16
4,3	-0,18
4,28	-0,18
4,34	-0,2
4,25	-0,14
4,25	-0,11
4,21	-0,23
4,2	-0,11
4,25	-0,13
4,19	-0,2
4,21	-0,16
4,17	-0,11
4,17	-0,08
4,16	-0,11
4,13	-0,1
4,04	-0,18
4,19	-0,18
4,1	-0,1
4,15	-0,14
4,15	-0,15
4,1	-0,18
4,13	-0,16
4,05	-0,1
4,05	-0,19
4,02	-0,24
4,07	-0,14
4,01	-0,1
3,92	-0,21
3,96	-0,21
3,97	-0,08
3,97	-0,1
3,94	-0,06
3,93	-0,1
3,91	-0,12
3,83	-0,13
3,89	-0,25
3,95	-0,15
3,88	-0,22
3,86	-0,08
3,77	-0,13
3,8	-0,13
3,82	-0,1
3,8	-0,23
3,79	-0,11
3,8	-0,18
3,78	-0,2
3,77	-0,25
3,75	-0,08
3,73	-0,11
3,74	-0,24
3,67	-0,17
3,63	-0,17
3,73	-0,15
3,7	-0,15
3,66	-0,21
3,64	-0,22
3,64	-0,22
3,63	-0,1
3,55	-0,17
3,6	-0,25
3,66	-0,16
3,62	-0,15
3,58	-0,23
3,54	-0,12
3,55	-0,23
3,47	-0,22
3,53	-0,07
3,44	-0,19
3,57	-0,13
3,5	-0,23
3,5	-0,18
3,41	-0,14
3,48	-0,19
3,52	-0,13
3,44	-0,22
3,43	-0,07
3,41	-0,24
3,34	-0,18
3,41	-0,18
3,38	-0,26
3,38	-0,12
3,37	-0,19
3,32	-0,11
3,34	-0,21
3,26	-0,15
3,32	-0,12
3,3	-0,08
3,32	-0,11
3,27	-0,2
3,25	-0,11
3,34	-0,15
3,21	-0,14
3,22	-0,23
3,22	-0,21
3,22	-0,11
3,2	-0,11
3,13	-0,15
3,17	-0,07
3,17	-0,22
3,14	-0,21
3,06	-0,15
3,05	-0,16
3,12	-0,08
3,1	-0,07
3,01	-0,15
  3	-0,16
3,13	-0,13
3,06	-0,25
2,95	-0,17
3,03	-0,21
3,09	-0,13
2,95	-0,15
3,02	-0,16
  3	-0,23
2,98	-0,19
2,98	-0,19
2,95	-0,08
2,94	-0,25
2,99	-0,12
2,91	-0,19
2,91	-0,19
2,95	-0,15
2,89	-0,24
2,87	-0,25
2,86	-0,1
2,83	-0,11
2,83	-0,24
2,83	-0,15
2,81	-0,11
2,81	-0,2
2,78	-0,23
2,79	-0,12
2,77	-0,08
2,76	-0,09
2,8	-0,14
2,67	-0,17
2,72	-0,11
2,64	-0,18
2,7	-0,21
2,69	-0,1
2,61	-0,13
2,65	-0,1
2,72	-0,14
2,67	-0,16
2,63	-0,24
2,56	-0,12
2,62	-0,1
2,6	-0,11
2,58	-0,11
2,55	-0,2
2,56	-0,08
2,45	-0,17
2,52	-0,23
2,45	-0,19
2,5	-0,23
2,51	-0,09
2,56	-0,13
2,48	-0,09
2,47	-0,07
2,45	-0,11
2,45	-0,09
2,44	-0,1
2,42	-0,07
2,4	-0,23
2,33	-0,15
2,38	-0,22
2,36	-0,23
2,36	-0,21
2,36	-0,1
2,34	-0,22
2,31	-0,2
2,32	-0,1
2,3	-0,09
2,36	-0,14
2,28	-0,07
2,23	-0,19
2,25	-0,1
2,23	-0,22
2,24	-0,2
2,24	-0,06
2,2	-0,2
2,2	-0,19
2,15	-0,15
2,19	-0,09
2,15	-0,21
2,17	-0,2
2,22	-0,14
2,2	-0,14
2,11	-0,08
2,11	-0,08
2,15	-0,12
2,09	-0,19
2,03	-0,12
2,01	-0,11
2,14	-0,15
2,04	-0,1
1,95	-0,13
2,01	-0,22
1,98	-0,23
1,98	-0,13
1,95	-0,11
1,96	-0,22
1,94	-0,22
1,95	-0,14
1,98	-0,15
  2	-0,15
1,9	-0,24
1,93	-0,16
1,88	-0,23
1,84	-0,11
1,86	-0,09
1,89	-0,09
1,82	-0,11
1,79	-0,12
1,81	-0,2
1,85	-0,17
1,79	-0,23
1,73	-0,14
1,75	-0,21
1,75	-0,09
1,76	-0,11
1,74	-0,1
1,72	-0,27
1,7	-0,25
1,68	-0,23
1,76	-0,15
1,68	-0,1
1,67	-0,23
1,65	-0,2
1,64	-0,07
1,63	-0,19
1,62	-0,09
1,62	-0,1
1,59	-0,18
1,57	-0,11
1,56	-0,19
1,56	-0,12
1,62	-0,11
1,52	-0,26
1,52	-0,23
1,52	-0,08
1,5	-0,1
1,5	-0,11
1,48	-0,05
1,45	-0,11
1,46	-0,08
1,44	-0,2
1,42	-0,1
1,48	-0,12
1,4	-0,11
1,39	-0,19
1,39	-0,07
1,38	-0,12
1,44	-0,15
1,34	-0,19
1,32	-0,18
1,28	-0,14
1,36	-0,15
1,3	-0,22
1,3	-0,12
1,21	-0,14
1,28	-0,19
1,26	-0,09
1,23	-0,23
1,17	-0,14
1,21	-0,21
1,23	-0,12
1,12	-0,15
1,18	-0,24
1,18	-0,09
1,17	-0,24
1,16	-0,1
1,15	-0,07
1,14	-0,22
1,12	-0,25
1,09	-0,24
1,1	-0,09
1,06	-0,21
1,13	-0,16
1,08	-0,11
1,06	-0,1
1,12	-0,14
1,02	-0,23
1,01	-0,09
1,01	-0,07
0,99	-0,06
0,93	-0,2
1,02	-0,17
  1	-0,19
0,96	-0,26
0,96	-0,26
0,95	-0,27
0,91	-0,24
0,9	-0,34
0,88	-0,37
0,92	-0,32
0,9	-0,32
0,84	-0,35
0,83	-0,24
0,8	-0,22
0,82	-0,31
0,74	-0,16
0,79	-0,2
0,78	-0,2
0,77	-0,04
0,79	-0,1
0,74	-0,1
0,74	-0,07
0,71	-0,15
0,71	-0,15
0,71	-0,09
0,68	-0,09
0,71	-0,09
0,67	-0,05
0,64	-0,13
0,58	-0,11
0,61	-0,1
0,61	-0,09
0,62	-0,12
0,59	-0,08
0,57	-0,16
0,59	-0,11
0,56	-0,1
0,55	-0,08
0,6	-0,1
0,53	-0,12
0,52	-0,08
0,51	-0,04
0,48	-0,17
0,41	-0,1
0,47	-0,07
0,45	-0,06
0,44	-0,18
0,42	-0,17
0,46	-0,11
0,4	-0,15
0,39	-0,1
0,35	-0,11
0,37	-0,1
0,42	-0,11
0,29	-0,12
0,34	-0,1
0,4	-0,09
0,39	-0,08
0,31	-0,14
0,29	-0,05
0,26	-0,12
0,29	-0,08
0,2	-0,1
0,24	-0,14
0,21	-0,1
0,21	-0,1
0,21	-0,12
0,21	-0,04
0,2	-0,1
0,16	-0,16
0,23	-0,08
0,15	-0,1
0,21	-0,09
0,12	-0,1
0,1	-0,11
0,12	-0,1
0,07	-0,15
0,04	-0,1
0,06	-0,11
0,06	-0,06
0,11	-0,08
0,03	-0,04
0,04	-0,09
0,03	-0,08
0,01	-0,05
0,03	-0,09
-0,02	-0,11
-0,04	-0,14