0,03	-0,02
-0,12	  0
-0,12	  0
-0,12	 -0
-0,05	  0
-0,03	-0,06
-0,04	0,01
0,01	0,04
0,02	0,05
0,01	0,04
0,04	0,13
0,06	0,14
0,02	0,15
0,03	0,17
0,05	0,18
0,11	0,14
0,09	0,18
0,17	0,15
0,07	0,14
0,14	0,13
0,24	0,1
0,18	0,17
0,2	0,09
0,2	0,09
0,23	0,12
0,21	0,15
0,24	0,13
0,24	0,12
0,25	0,16
0,26	0,16
0,27	0,13
0,27	0,15
0,31	0,14
0,32	0,12
0,31	0,14
0,35	0,15
0,33	0,13
0,35	0,15
0,34	0,14
0,35	0,13
0,38	0,13
0,48	0,11
0,42	0,13
0,43	0,14
0,42	0,17
0,45	0,11
0,46	0,13
0,47	0,16
0,5	0,17
0,49	0,18
0,49	0,25
0,52	0,35
0,52	0,4
0,56	0,49
0,56	0,57
0,56	0,62
0,65	0,64
0,62	0,62
0,63	0,57
0,68	0,51
0,62	0,44
0,61	0,39
0,63	0,31
0,65	0,26
0,6	0,24
0,7	0,23
0,64	0,23
0,7	0,27
0,71	0,24
0,72	0,26
0,73	0,25
0,67	0,21
0,78	0,23
0,74	0,23
0,79	0,26
0,86	0,29
0,79	0,25
0,74	0,24
0,81	0,2
0,84	0,2
0,82	0,15
0,85	0,15
0,89	0,16
0,98	0,24
0,92	0,3
0,92	0,34
0,97	0,37
0,94	0,37
0,95	0,35
0,97	0,32
0,95	0,23
0,98	0,2
0,97	0,16
  1	0,14
1,09	0,12
1,01	0,18
1,02	0,2
1,06	0,23
1,05	0,25
1,08	0,29
1,11	0,28
1,09	0,25
1,1	0,26
1,15	0,27
1,12	0,27
1,14	0,27
1,15	0,27
1,12	0,25
1,11	0,22
1,2	0,23
1,22	0,2
1,21	0,26
1,21	0,28
1,26	0,21
1,22	0,25
1,25	0,27
1,26	0,27
1,29	0,25
1,28	0,26
1,32	0,19
1,36	0,18
1,32	0,21
1,34	0,22
1,45	0,24
1,36	0,25
1,35	0,26
1,48	0,27
1,4	0,27
1,42	0,23
1,4	0,25
1,44	0,25
1,45	0,23
1,5	0,24
1,48	0,25
1,48	0,24
1,5	0,22
1,51	0,26
1,51	0,24
1,53	0,21
1,5	0,25
1,56	0,28
1,57	0,26
1,56	0,26
1,67	0,25
1,61	0,23
1,55	0,24
1,61	0,24
1,67	0,25
1,64	0,26
1,7	0,25
1,68	0,24
1,7	0,24
1,69	0,23
1,7	0,24
1,72	0,25
1,68	0,24
1,82	0,27
1,77	0,26
1,75	0,26
1,76	0,24
1,73	0,22
1,81	0,27
1,81	0,24
1,83	0,23
1,84	0,25
1,93	0,26
1,84	0,25
1,81	0,25
1,89	0,26
1,89	0,23
1,9	0,25
  2	0,24
1,92	0,26
1,95	0,24
1,95	0,24
1,91	0,23
2,04	0,23
2,04	0,25
  2	0,24
1,95	0,24
2,06	0,26
1,96	0,21
2,02	0,24
2,06	0,27
1,99	0,23
2,07	0,22
2,1	0,28
2,09	0,24
2,12	0,21
2,04	0,23
2,11	0,24
2,15	0,27
2,17	0,25
2,17	0,22
2,23	0,25
2,23	0,25
2,27	0,25
2,21	0,22
2,14	0,24
2,26	0,24
2,24	0,24
2,25	0,24
2,27	0,24
2,3	0,23
2,27	0,24
2,36	0,22
2,4	0,23
2,34	0,28
2,28	0,23
2,36	0,23
2,37	0,24
2,42	0,26
2,38	0,27
2,41	0,25
2,45	0,26
2,41	0,24
2,4	0,25
2,45	0,23
2,48	0,25
2,48	0,24
2,5	0,2
2,42	0,23
2,47	0,24
2,55	0,25
2,49	0,23
2,53	0,24
2,55	0,24
2,64	0,27
2,56	0,25
2,59	0,25
2,61	0,24
2,69	0,24
2,64	0,22
2,65	0,21
2,7	0,25
2,58	0,24
2,67	0,27
2,69	0,25
2,69	0,24
2,73	0,25
2,65	0,23
2,81	0,24
2,74	0,21
2,75	0,21
2,76	0,26
2,78	0,26
2,8	0,28
2,78	0,24
2,8	0,27
2,82	0,23
2,77	0,23
2,85	0,29
2,86	0,22
2,86	0,26
2,89	0,22
2,9	0,23
2,83	0,25
2,92	0,28
2,94	0,2
3,02	0,25
2,98	0,25
2,96	0,24
2,96	0,25
2,98	0,26
3,01	0,25
2,94	0,23
3,08	0,25
2,99	0,24
3,05	0,27
3,05	0,26
3,05	0,26
3,07	0,26
3,08	0,26
3,09	0,25
3,07	0,23
3,14	0,24
3,14	0,25
3,11	0,24
3,23	0,24
3,16	0,25
3,18	0,25
3,19	0,24
3,22	0,22
3,19	0,23
3,25	0,25
3,23	0,26
3,25	0,26
3,27	0,25
3,27	0,25
3,28	0,23
3,3	0,25
3,31	0,26
3,31	0,26
3,29	0,24
3,34	0,23
3,36	0,28
3,45	0,24
3,38	0,24
3,39	0,25
3,39	0,26
3,42	0,25
3,43	0,26
3,42	0,24
3,44	0,26
3,39	0,24
3,49	0,22
3,5	0,23
3,5	0,25
3,47	0,23
3,45	0,24
3,58	0,26
3,54	0,26
3,49	0,23
3,56	0,25
3,5	0,23
3,51	0,24
3,61	0,21
3,69	0,24
3,67	0,26
3,64	0,25
3,72	0,24
3,67	0,23
3,67	0,28
3,64	0,24
3,69	0,24
3,8	0,24
3,63	0,23
3,73	0,25
3,76	0,24
3,83	0,25
3,69	0,24
3,78	0,26
3,78	0,25
3,8	0,28
3,92	0,24
3,75	0,23
3,77	0,23
3,8	0,24
3,86	0,22
3,85	0,24
3,86	0,24
3,95	0,25
3,84	0,23
3,93	0,22
3,92	0,25
3,94	0,24
3,96	0,25
3,97	0,21
4,04	0,23
3,99	0,22
  4	0,21
  4	0,23
4,01	0,24
4,04	0,25
4,11	0,25
4,1	0,25
4,08	0,21
4,06	0,23
4,08	0,23
4,13	0,24
4,11	0,24
4,12	0,23
4,21	0,25
4,21	0,25
4,14	0,22
4,15	0,24
4,19	0,25
4,2	0,29
4,2	0,25
4,21	0,23
4,22	0,24
4,24	0,23
4,25	0,22
4,27	0,24
4,27	0,26
4,21	0,23
4,32	0,24
4,3	0,26
4,3	0,27
4,28	0,23
4,32	0,23
4,44	0,25
4,36	0,25
4,38	0,26
4,38	0,25
4,39	0,25
4,38	0,24
4,41	0,24
4,46	0,23
4,46	0,21
4,5	0,26
4,47	0,24
4,46	0,24
4,49	0,26
4,52	0,25
4,52	0,22
4,53	0,24
4,53	0,24
4,55	0,26
4,63	0,25
4,57	0,25
4,6	0,25
4,61	0,25
4,59	0,22
4,6	0,19
4,52	0,17
4,58	0,05
4,59	0,01
4,53	-0,05
4,48	-0,12
4,47	-0,29
4,39	-0,36
4,44	-0,43
4,45	-0,44
4,4	-0,39
4,42	-0,39
4,35	-0,34
4,44	-0,28
4,39	-0,06
4,38	-0,11
4,42	-0,1
4,3	-0,11
4,34	-0,15
4,34	-0,06
4,32	-0,21
4,3	-0,2
4,28	-0,18
4,3	-0,19
4,27	-0,26
4,22	-0,21
4,27	-0,22
4,25	-0,09
4,23	-0,23
4,24	-0,16
4,27	-0,1
4,17	-0,16
4,17	-0,2
4,21	-0,15
4,17	-0,1
4,16	-0,11
4,11	-0,24
4,14	-0,2
4,11	-0,25
4,1	-0,11
4,1	-0,1
4,14	-0,16
4,02	-0,13
3,99	-0,14
3,97	-0,19
4,02	-0,11
4,1	-0,14
4,02	-0,15
3,99	-0,22
4,01	-0,21
3,9	-0,17
3,96	-0,11
3,96	-0,13
3,95	-0,22
3,92	-0,21
3,91	-0,22
3,91	-0,11
3,83	-0,17
3,86	-0,2
3,88	-0,1
3,8	-0,16
3,84	-0,11
3,85	-0,11
3,83	-0,21
3,82	-0,11
3,77	-0,12
3,76	-0,12
3,81	-0,06
3,82	-0,13
3,75	-0,08
3,76	-0,17
3,71	-0,11
3,8	-0,11
3,72	-0,19
3,7	-0,08
3,61	-0,16
3,66	-0,24
3,67	-0,21
3,66	-0,13
3,61	-0,08
3,68	-0,15
3,63	-0,21
3,64	-0,18
3,59	-0,22
3,58	-0,08
3,57	-0,11
3,57	-0,19
3,53	-0,23
3,52	-0,19
3,52	-0,22
3,5	-0,26
3,51	-0,21
3,5	-0,12
3,49	-0,09
3,44	-0,1
3,52	-0,15
3,47	-0,18
3,42	-0,2
3,42	-0,26
3,38	-0,21
3,31	-0,21
3,39	-0,23
3,36	-0,24
3,36	-0,23
3,36	-0,07
3,33	-0,09
3,36	-0,17
3,31	-0,11
3,31	-0,13
3,28	-0,23
3,28	-0,09
3,19	-0,13
3,19	-0,16
3,25	-0,11
3,31	-0,14
3,23	-0,11
3,18	-0,14
3,15	-0,12
3,19	-0,1
3,18	-0,12
3,16	-0,07
3,16	-0,12
3,2	-0,14
3,12	-0,19
3,12	-0,11
3,07	-0,13
3,1	-0,09
3,02	-0,14
3,08	-0,07
2,98	-0,12
3,05	-0,1
2,97	-0,11
2,97	-0,1
  3	-0,1
2,95	-0,12
2,97	-0,25
3,02	-0,19
2,95	-0,33
2,87	-0,31
2,92	-0,31
2,91	-0,21
2,91	-0,28
2,92	-0,17
2,91	-0,08
2,96	-0,09
2,87	-0,09
2,82	-0,1
2,84	-0,12
2,83	-0,18
2,83	-0,06
2,81	-0,25
2,8	-0,09
2,75	-0,17
2,77	-0,14
2,76	-0,29
2,75	-0,25
2,73	-0,26
2,73	-0,1
2,73	-0,08
2,67	-0,11
2,7	-0,09
2,68	-0,21
2,67	-0,06
2,67	-0,17
2,64	-0,24
2,69	-0,18
2,62	-0,08
2,61	-0,23
2,61	-0,23
2,59	-0,24
2,57	-0,11
2,58	-0,12
2,63	-0,13
2,61	-0,15
2,56	-0,2
2,53	-0,1
2,52	-0,08
2,56	-0,16
2,56	-0,1
2,47	-0,24
2,45	-0,21
2,45	-0,09
2,43	-0,07
2,42	-0,12
2,43	-0,19
2,39	-0,26
2,4	-0,18
2,38	-0,28
2,37	-0,11
2,36	-0,11
2,34	-0,07
2,34	-0,12
2,31	-0,18
2,31	-0,22
2,29	-0,1
2,29	-0,1
2,29	-0,08
2,2	-0,14
2,26	-0,08
2,22	-0,13
2,23	-0,24
2,25	-0,21
2,2	-0,24
2,22	-0,16
2,19	-0,11
2,17	-0,08
2,17	-0,11
2,04	-0,19
2,07	-0,14
2,13	-0,11
2,19	-0,12
2,11	-0,18
2,09	-0,18
2,08	-0,11
2,08	-0,1
2,09	-0,16
2,04	-0,21
2,04	-0,12
2,03	-0,07
1,98	-0,2
2,01	-0,21
1,98	-0,11
1,97	-0,24
2,01	-0,17
1,97	-0,21
1,95	-0,1
1,96	-0,15
1,93	-0,09
1,9	-0,16
1,9	-0,07
1,95	-0,12
1,87	-0,1
1,78	-0,16
1,93	-0,18
1,82	-0,26
1,76	-0,17
1,84	-0,2
1,78	-0,23
1,84	-0,19
1,78	-0,26
1,73	-0,11
1,75	-0,1
1,81	-0,13
1,81	-0,13
1,73	-0,09
1,7	-0,23
1,7	-0,08
1,68	-0,11
1,75	-0,17
1,67	-0,23
1,64	-0,26
1,63	-0,08
1,56	-0,2
1,64	-0,17
1,53	-0,18
1,59	-0,25
1,6	-0,18
1,57	-0,23
1,57	-0,18
1,54	-0,1
1,54	-0,23
1,52	-0,1
1,52	-0,14
1,54	-0,09
1,49	-0,09
1,47	-0,24
1,47	-0,22
1,44	-0,26
1,42	-0,11
1,51	-0,16
1,41	-0,23
1,45	-0,16
1,45	-0,15
1,39	-0,12
1,37	-0,07
1,38	-0,19
1,33	-0,21
1,35	-0,18
1,27	-0,13
1,3	-0,19
1,37	-0,13
1,28	-0,21
1,25	-0,11
1,32	-0,14
1,25	-0,23
1,25	-0,15
1,21	-0,23
1,23	-0,13
1,2	-0,26
1,22	-0,2
1,18	-0,27
1,22	-0,16
1,16	-0,23
1,23	-0,11
1,18	-0,11
1,14	-0,09
1,11	-0,1
1,03	-0,16
1,09	-0,2
1,07	-0,22
1,1	-0,12
1,06	-0,08
1,05	-0,11
1,04	-0,11
1,01	-0,17
1,03	-0,16
1,01	-0,07
0,93	-0,12
0,98	-0,05
0,95	-0,17
1,02	-0,14
0,97	-0,17
0,94	-0,21
0,93	-0,22
0,98	-0,16
0,84	-0,16
0,88	-0,25
0,91	-0,19
0,85	-0,08
0,79	-0,14
0,82	-0,21
0,76	-0,14
0,83	-0,07
0,73	-0,14
0,8	-0,16
0,79	-0,1
0,79	-0,06
0,76	-0,11
0,67	-0,11
0,78	-0,12
0,73	-0,12
0,72	-0,26
0,65	-0,32
0,7	-0,32
0,67	-0,35
0,68	-0,26
0,65	-0,29
0,63	-0,27
0,62	-0,24
0,63	-0,07
0,57	-0,1
0,6	-0,05
0,58	-0,17
0,56	-0,12
0,56	-0,21
0,57	-0,15
0,54	-0,19
0,52	-0,12
0,54	-0,19
0,46	-0,16
0,53	-0,15
0,48	-0,11
0,47	-0,12
0,42	-0,2
0,46	-0,26
0,37	-0,24
0,34	-0,3
0,4	-0,33
0,4	-0,18
0,37	-0,18
0,3	-0,22
0,32	-0,12
0,36	-0,09
0,32	-0,14
0,4	-0,09
0,29	-0,1
0,29	-0,1
0,29	-0,13
0,31	-0,1
0,27	-0,1
0,26	-0,09
0,28	-0,11
0,2	-0,16
0,23	-0,04
0,23	-0,11
0,2	-0,13
0,19	-0,06
0,26	-0,08
0,18	-0,07
0,07	-0,11
0,2	-0,11
0,21	-0,1
0,08	-0,12
0,11	-0,06
0,1	-0,07
0,01	-0,11
0,13	-0,1
0,05	-0,16
0,1	-0,09
0,05	-0,1
-0,04	-0,11
0,03	-0,1
-0,07	-0,1
0,01	-0,1
-0,01	-0,1
-0,04	-0,07
