0,05	-0,02
-0,05	-0,01
-0,06	 -0
-0,12	 -0
-0,04	-0,07
-0,02	0,02
-0,11	-0,01
-0,01	  0
0,01	  0
0,05	0,12
0,05	0,17
0,07	0,16
0,05	0,16
0,02	0,18
0,02	0,18
0,09	0,18
0,05	0,16
0,23	0,14
0,2	0,13
0,16	0,11
0,15	0,12
0,17	0,13
0,25	0,07
0,2	0,09
0,14	0,12
0,24	0,14
0,22	0,11
0,26	0,1
0,27	0,11
0,28	0,11
0,29	0,13
0,21	0,14
0,34	0,14
0,31	0,13
0,33	0,1
0,34	0,16
0,36	0,17
0,38	0,15
0,37	0,16
0,37	0,21
0,38	0,3
0,38	0,4
0,42	0,49
0,42	0,55
0,45	0,59
0,45	0,58
0,47	0,55
0,46	0,49
0,44	0,43
0,42	0,37
0,55	0,32
0,58	0,29
0,52	0,27
0,54	0,27
0,49	0,2
0,55	0,2
0,54	0,2
0,54	0,2
0,6	0,24
0,62	0,2
0,65	0,25
0,6	0,22
0,63	0,24
0,67	0,23
0,73	0,24
0,73	0,26
0,7	0,21
0,71	0,27
0,73	0,22
0,73	0,23
0,71	0,23
0,76	0,22
0,76	0,22
0,76	0,24
0,81	0,25
0,73	0,24
0,82	0,23
0,83	0,21
0,82	0,24
0,86	0,21
0,85	0,24
0,95	0,24
0,89	0,24
0,86	0,24
0,92	0,26
0,97	0,23
0,94	0,26
0,99	0,27
0,95	0,23
0,99	0,25
0,95	0,23
0,98	0,26
1,04	0,24
1,03	0,22
1,03	0,21
1,02	0,25
1,04	0,25
1,01	0,23
1,06	0,25
1,09	0,26
1,07	0,28
1,12	0,23
1,17	0,23
1,13	0,23
1,11	0,24
1,14	0,24
1,05	0,21
1,17	0,19
1,2	0,18
1,19	0,21
1,14	0,2
1,21	0,2
1,17	0,24
1,26	0,23
1,26	0,32
1,29	0,27
1,29	0,3
1,29	0,29
1,37	0,29
1,31	0,23
1,32	0,2
1,32	0,22
1,32	0,19
1,36	0,19
1,37	0,23
1,39	0,19
1,42	0,24
1,41	0,29
1,43	0,28
1,43	0,31
1,43	0,32
1,44	0,25
1,45	0,28
1,45	0,25
1,5	0,26
1,5	0,21
1,5	0,24
1,45	0,22
1,5	0,23
1,59	0,24
1,54	0,24
1,57	0,28
1,59	0,25
1,58	0,26
1,6	0,26
1,6	0,26
1,62	0,24
1,59	0,23
1,64	0,23
1,65	0,25
1,68	0,26
1,7	0,24
1,71	0,28
1,79	0,27
1,69	0,25
1,72	0,24
1,75	0,24
1,68	0,22
1,82	0,23
1,79	0,23
1,87	0,23
1,76	0,22
1,81	0,24
1,83	0,24
1,83	0,24
1,77	0,25
1,86	0,26
1,9	0,26
1,81	0,26
1,93	0,25
1,9	0,29
1,92	0,24
  2	0,25
1,93	0,24
1,98	0,25
1,92	0,22
1,97	0,2
1,98	0,27
  2	0,27
  2	0,26
2,04	0,25
1,98	0,25
1,97	0,24
2,07	0,23
2,03	0,25
2,08	0,26
2,09	0,27
2,06	0,25
2,03	0,24
2,13	0,25
2,1	0,23
2,12	0,23
2,17	0,21
2,17	0,26
2,23	0,24
2,23	0,25
2,2	0,25
2,23	0,23
2,16	0,21
2,25	0,25
2,26	0,25
2,28	0,26
2,28	0,26
2,29	0,22
2,29	0,26
2,33	0,29
2,33	0,28
2,38	0,29
2,39	0,3
2,28	0,24
2,37	0,21
2,36	0,22
2,4	0,17
2,36	0,18
2,39	0,2
2,48	0,21
2,47	0,23
2,5	0,24
2,48	0,22
2,5	0,27
2,5	0,29
2,47	0,27
2,47	0,26
2,48	0,25
2,51	0,25
2,56	0,28
2,63	0,23
2,55	0,21
2,58	0,23
2,58	0,23
2,62	0,24
2,62	0,23
2,58	0,23
2,65	0,29
2,63	0,25
2,69	0,26
2,66	0,26
2,69	0,25
2,7	0,23
2,7	0,22
2,72	0,26
2,74	0,22
2,81	0,24
2,74	0,24
2,75	0,26
2,84	0,24
2,78	0,26
2,8	0,28
2,89	0,26
2,78	0,24
2,83	0,25
2,89	0,26
2,86	0,25
2,86	0,24
2,86	0,24
2,92	0,25
2,85	0,23
2,91	0,26
2,93	0,25
3,02	0,24
2,95	0,25
2,97	0,29
2,98	0,21
2,97	0,24
  3	0,21
3,08	0,25
3,03	0,22
2,98	0,23
3,03	0,25
2,98	0,23
3,05	0,24
3,03	0,24
3,09	0,25
3,18	0,25
3,16	0,25
3,11	0,24
3,12	0,24
3,16	0,26
3,16	0,25
3,18	0,23
3,17	0,25
3,27	0,23
3,19	0,22
3,25	0,25
3,3	0,25
3,25	0,25
3,26	0,24
3,24	0,24
3,3	0,25
3,28	0,25
3,31	0,22
3,31	0,25
3,31	0,27
3,37	0,25
3,32	0,25
3,3	0,24
3,4	0,25
3,38	0,25
3,43	0,25
3,42	0,25
3,41	0,24
3,43	0,22
3,45	0,28
3,45	0,25
3,5	0,24
3,47	0,23
3,47	0,22
3,51	0,22
3,5	0,24
3,53	0,22
3,54	0,22
3,55	0,21
3,56	0,23
3,51	0,24
3,59	0,24
3,59	0,25
3,59	0,28
3,63	0,23
3,7	0,25
3,56	0,24
3,63	0,25
3,64	0,24
3,65	0,23
3,69	0,24
3,63	0,23
3,7	0,26
3,72	0,27
3,74	0,27
3,73	0,3
3,77	0,31
3,77	0,27
3,84	0,26
3,8	0,23
3,78	0,2
3,8	0,16
3,81	0,2
3,79	0,17
3,85	0,18
3,86	0,22
3,9	0,25
3,91	0,26
3,87	0,27
3,92	0,28
3,85	0,27
  4	0,27
3,99	0,27
4,01	0,26
3,95	0,26
3,99	0,22
3,95	0,22
3,99	0,23
4,06	0,24
4,02	0,23
4,04	0,22
4,04	0,25
4,05	0,25
4,15	0,26
4,03	0,24
4,1	0,27
4,05	0,24
4,13	0,26
4,14	0,23
4,14	0,26
4,14	0,26
4,12	0,23
4,16	0,26
4,17	0,21
4,11	0,23
4,19	0,23
4,22	0,24
4,26	0,25
4,25	0,27
4,28	0,25
4,27	0,21
4,27	0,21
4,34	0,25
4,3	0,22
4,23	0,23
4,31	0,27
4,35	0,24
4,42	0,24
4,36	0,27
4,38	0,21
4,4	0,23
4,39	0,28
4,42	0,21
4,41	0,22
4,51	0,24
4,44	0,26
4,44	0,23
4,46	0,24
4,47	0,25
4,49	0,24
4,5	0,28
4,52	0,25
4,51	0,27
4,53	0,25
4,52	0,24
4,56	0,28
4,61	0,25
4,58	0,26
4,58	0,25
4,57	0,24
4,61	0,25
4,6	0,19
4,58	0,21
4,57	0,11
4,58	  0
4,5	-0,12
4,48	-0,1
4,46	-0,29
4,46	-0,41
4,43	-0,4
4,48	-0,39
4,5	-0,43
4,46	-0,39
4,47	-0,35
4,42	-0,29
4,41	-0,13
4,39	-0,12
4,36	-0,15
4,35	-0,11
4,31	-0,1
4,33	-0,06
4,33	-0,08
4,3	-0,22
4,31	-0,15
4,27	-0,27
4,27	-0,13
4,26	-0,27
4,24	-0,27
4,32	-0,15
4,24	-0,1
4,22	-0,08
4,22	-0,11
4,13	-0,13
4,17	-0,21
4,1	-0,17
4,17	-0,08
4,13	-0,23
4,05	-0,16
4,14	-0,22
4,13	-0,16
4,13	-0,2
4,1	-0,11
4,08	-0,22
4,06	-0,19
4,13	-0,14
3,97	-0,17
4,04	-0,07
4,08	-0,16
4,01	-0,27
  4	-0,12
3,99	-0,22
3,95	-0,19
3,91	-0,15
3,95	-0,23
3,95	-0,11
3,9	-0,12
3,89	-0,13
3,91	-0,2
3,86	-0,13
3,89	-0,24
3,87	-0,27
3,86	-0,06
3,83	-0,13
3,85	-0,21
3,83	-0,06
3,8	-0,23
3,8	-0,11
3,84	-0,17
3,86	-0,15
3,76	-0,13
3,69	-0,17
3,77	-0,18
3,7	-0,12
3,72	-0,25
3,77	-0,13
3,67	-0,21
3,76	-0,14
3,72	-0,1
3,63	-0,18
3,64	-0,11
3,64	-0,23
3,63	-0,12
3,61	-0,13
3,61	-0,22
3,6	-0,1
3,58	-0,11
3,57	-0,19
3,56	-0,11
3,62	-0,15
3,53	-0,23
3,52	-0,25
3,55	-0,11
3,52	-0,13
3,47	-0,22
3,46	-0,22
3,52	-0,15
3,38	-0,16
3,44	-0,25
3,44	-0,13
3,41	-0,16
3,41	-0,24
3,39	-0,26
3,39	-0,05
3,45	-0,13
3,34	-0,22
3,37	-0,16
3,36	-0,18
3,3	-0,13
3,33	-0,19
3,29	-0,21
3,3	-0,11
3,27	-0,23
3,27	-0,2
3,24	-0,23
3,24	-0,26
3,22	-0,21
3,28	-0,16
3,21	-0,07
3,2	-0,09
3,24	-0,18
3,18	-0,11
3,14	-0,11
3,17	-0,12
3,1	-0,14
3,2	-0,14
3,09	-0,16
3,15	-0,13
3,12	-0,19
3,01	-0,18
3,05	-0,12
3,06	-0,09
3,05	-0,1
3,06	-0,11
3,07	-0,16
3,01	-0,23
2,99	-0,25
  3	-0,18
2,97	-0,1
2,96	-0,11
2,96	-0,08
2,93	-0,1
2,99	-0,14
  3	-0,14
2,95	-0,14
2,83	-0,16
2,89	-0,1
2,86	-0,1
2,82	-0,13
2,78	-0,14
2,84	-0,21
2,88	-0,17
2,73	-0,14
2,8	-0,06
2,78	-0,19
2,77	-0,13
2,83	-0,15
2,77	-0,11
2,75	-0,2
2,72	-0,25
2,72	-0,2
2,73	-0,19
2,7	-0,21
2,68	-0,12
2,69	-0,09
2,59	-0,13
2,66	-0,11
2,68	-0,18
2,56	-0,16
2,62	-0,19
2,59	-0,11
2,61	-0,11
2,58	-0,25
2,64	-0,16
2,61	-0,17
2,49	-0,14
2,56	-0,11
2,51	-0,1
2,5	-0,23
2,53	-0,21
2,42	-0,17
2,47	-0,24
2,45	-0,21
2,43	-0,17
2,39	-0,13
2,45	-0,11
2,42	-0,09
2,33	-0,13
2,45	-0,15
2,33	-0,16
2,34	-0,12
2,35	-0,08
2,41	-0,14
2,34	-0,11
2,26	-0,13
2,31	-0,1
2,31	-0,1
2,22	-0,18
2,27	-0,23
2,26	-0,08
2,26	-0,1
2,25	-0,08
2,22	-0,2
2,22	-0,08
2,21	-0,06
2,19	-0,11
2,17	-0,11
2,17	-0,07
2,14	-0,21
2,15	-0,08
2,14	-0,24
2,14	-0,08
2,12	-0,07
2,15	-0,16
2,01	-0,15
2,08	-0,1
2,08	-0,09
1,98	-0,15
2,05	-0,11
1,95	-0,17
2,03	-0,05
2,01	-0,1
2,01	-0,21
1,97	-0,12
1,93	-0,12
1,97	-0,25
1,95	-0,13
1,93	-0,18
1,84	-0,17
1,92	-0,09
1,89	-0,18
1,89	-0,11
1,87	-0,12
1,89	-0,2
1,87	-0,11
1,86	-0,12
1,84	-0,09
1,82	-0,22
1,89	-0,15
1,81	-0,12
1,79	-0,26
1,77	-0,24
1,7	-0,16
1,75	-0,22
1,73	-0,12
1,72	-0,19
1,67	-0,15
1,75	-0,15
1,72	-0,17
1,68	-0,09
1,67	-0,23
1,65	-0,11
1,69	-0,12
1,64	-0,21
1,69	-0,15
1,61	-0,21
1,61	-0,21
1,59	-0,26
1,65	-0,12
1,54	-0,11
1,56	-0,23
1,51	-0,11
1,53	-0,08
1,53	-0,1
1,5	-0,16
1,49	-0,22
1,48	-0,22
1,5	-0,11
1,46	-0,2
1,49	-0,17
1,42	-0,11
1,43	-0,07
1,42	-0,19
1,4	-0,23
1,39	-0,23
1,4	-0,21
1,37	-0,24
1,35	-0,23
1,35	-0,11
1,26	-0,19
1,32	-0,25
1,33	-0,24
1,3	-0,24
1,29	-0,12
1,26	-0,11
1,26	-0,2
1,24	-0,11
1,18	-0,13
1,23	-0,19
1,21	-0,11
1,21	-0,09
1,28	-0,14
1,31	-0,12
1,14	-0,12
1,15	-0,23
1,08	-0,14
1,15	-0,12
1,12	-0,26
1,11	-0,13
1,1	-0,09
1,17	-0,16
1,08	-0,06
1,13	-0,15
0,99	-0,14
1,11	-0,11
1,04	-0,07
0,98	-0,11
  1	-0,21
0,96	-0,11
1,03	-0,17
0,97	-0,23
1,04	-0,15
0,95	-0,21
0,89	-0,13
0,92	-0,16
0,93	-0,12
0,91	-0,08
0,92	-0,16
0,88	-0,23
0,87	-0,24
0,87	-0,09
0,87	-0,17
0,88	-0,17
0,77	-0,13
0,9	-0,14
0,8	-0,26
0,81	-0,18
0,79	-0,08
0,76	-0,23
0,69	-0,16
0,67	-0,13
0,71	-0,11
0,72	-0,26
0,71	-0,07
0,71	-0,17
0,65	-0,12
0,7	-0,18
0,67	-0,18
0,65	-0,24
0,65	-0,1
0,6	-0,12
0,6	-0,24
0,6	-0,16
0,59	-0,1
0,57	-0,18
0,58	-0,19
0,57	-0,08
0,53	-0,22
0,53	-0,23
0,53	-0,1
0,51	-0,23
0,56	-0,14
0,49	-0,18
0,47	-0,21
0,46	-0,23
0,44	-0,2
0,39	-0,19
0,42	-0,21
0,42	-0,19
0,4	-0,24
0,39	-0,22
0,38	-0,22
0,45	-0,13
0,37	-0,25
0,37	-0,19
0,34	-0,13
0,32	-0,28
0,31	-0,28
0,35	-0,25
0,26	-0,3
0,27	-0,28
0,27	-0,28
0,27	-0,09
0,25	-0,08
0,29	-0,1
0,22	-0,14
0,21	-0,13
0,19	-0,15
0,26	-0,08
0,24	-0,08
0,15	-0,12
0,15	-0,15
0,17	-0,1
0,13	-0,12
0,12	-0,09
0,02	-0,12
0,09	-0,06
0,02	-0,11
0,01	-0,12
0,07	-0,05
0,05	-0,18
0,02	-0,13
0,07	-0,11
-0,04	-0,1
0,06	-0,1
0,06	-0,09
-0,04	-0,13
-0,04	-0,11
