-0,05	-0,04
-0,04	-0,04
0,02	-0,04
-0,05	-0,09
-0,04	-0,02
-0,01	0,04
-0,02	-0,01
-0,02	-0,01
-0,01	0,03
-0,01	0,09
0,09	0,12
0,06	0,17
0,07	0,17
0,09	0,18
0,09	0,22
0,1	0,18
0,11	0,17
0,1	0,15
0,14	0,18
0,15	0,13
0,09	0,13
0,24	0,09
0,18	0,13
0,2	0,12
0,21	0,12
0,21	0,16
0,23	0,14
0,23	0,13
0,25	0,12
0,29	0,16
0,29	0,18
0,31	0,16
0,35	0,12
0,3	0,13
0,33	0,14
0,34	0,15
0,31	0,19
0,38	0,27
0,4	0,38
0,38	0,51
0,38	0,55
0,34	0,57
0,42	0,56
0,38	0,52
0,46	0,47
0,45	0,39
0,53	0,37
0,44	0,31
0,48	0,29
0,51	0,24
0,57	0,24
0,54	0,2
0,54	0,18
0,53	0,19
0,57	0,22
0,63	0,18
0,57	0,23
0,57	0,24
0,58	0,23
0,6	0,25
0,61	0,24
0,62	0,24
0,64	0,26
0,58	0,24
0,68	0,22
0,69	0,24
0,71	0,22
0,72	0,23
0,71	0,26
0,76	0,24
0,73	0,26
0,76	0,24
0,76	0,27
0,78	0,23
0,79	0,25
0,88	0,25
0,82	0,25
0,83	0,22
0,84	0,24
0,87	0,25
0,81	0,23
0,87	0,24
0,92	0,25
0,87	0,24
0,89	0,25
0,97	0,25
0,92	0,25
0,93	0,24
0,97	0,25
0,97	0,25
0,98	0,26
0,99	0,21
1,02	0,23
1,01	0,29
1,03	0,22
1,03	0,26
1,06	0,22
1,04	0,26
1,06	0,24
1,07	0,23
1,1	0,23
1,03	0,23
1,06	0,25
1,12	0,26
1,13	0,25
1,11	0,24
1,15	0,26
1,17	0,23
1,2	0,25
1,2	0,28
1,15	0,23
1,23	0,22
1,22	0,26
1,23	0,25
1,26	0,28
1,34	0,25
1,23	0,24
1,3	0,24
1,35	0,25
1,26	0,23
1,31	0,24
1,34	0,24
1,35	0,22
1,37	0,24
1,36	0,24
1,34	0,23
1,38	0,26
1,4	0,25
1,42	0,25
1,43	0,23
1,42	0,24
1,45	0,21
1,45	0,27
1,46	0,25
1,48	0,25
1,51	0,25
1,51	0,22
1,53	0,22
1,45	0,23
1,53	0,26
1,55	0,24
1,65	0,24
1,57	0,24
1,58	0,25
1,61	0,29
1,61	0,25
1,6	0,25
1,71	0,27
1,66	0,27
1,68	0,27
1,75	0,24
1,68	0,24
1,68	0,22
1,64	0,21
1,72	0,25
1,72	0,23
1,69	0,23
1,76	0,2
1,76	0,24
1,77	0,25
1,78	0,25
1,79	0,28
1,79	0,26
1,82	0,27
1,81	0,25
1,86	0,27
1,91	0,26
1,89	0,25
1,89	0,24
1,91	0,21
1,9	0,24
1,81	0,24
1,95	0,26
1,95	0,26
1,95	0,24
1,95	0,26
1,97	0,24
2,03	0,25
1,92	0,22
1,95	0,22
2,02	0,24
  2	0,26
2,03	0,25
2,04	0,25
2,11	0,26
2,16	0,25
2,06	0,25
2,12	0,23
2,1	0,26
2,2	0,25
2,07	0,24
2,15	0,24
2,25	0,25
2,17	0,24
2,18	0,27
2,21	0,24
2,14	0,24
2,23	0,24
2,2	0,24
2,33	0,24
2,23	0,24
2,27	0,28
2,29	0,21
2,29	0,25
2,27	0,24
2,34	0,25
2,33	0,25
2,39	0,26
2,34	0,25
2,27	0,23
2,36	0,24
2,39	0,22
2,39	0,22
2,42	0,24
2,42	0,28
2,41	0,26
2,4	0,24
2,45	0,22
2,39	0,24
2,48	0,23
2,48	0,24
2,51	0,25
2,5	0,26
2,51	0,25
2,6	0,24
2,56	0,26
2,51	0,23
2,62	0,25
2,55	0,23
2,55	0,24
2,54	0,24
2,58	0,27
2,55	0,23
2,62	0,25
2,65	0,26
2,65	0,25
2,75	0,24
2,69	0,25
2,67	0,24
2,7	0,24
2,8	0,24
2,72	0,25
2,75	0,24
2,82	0,26
2,76	0,24
2,76	0,22
2,79	0,29
2,84	0,23
2,78	0,26
2,79	0,23
2,83	0,24
2,87	0,25
2,84	0,24
2,87	0,28
2,89	0,22
2,84	0,24
2,93	0,26
2,87	0,25
2,97	0,23
2,87	0,23
2,99	0,25
  3	0,25
2,97	0,25
2,98	0,24
3,08	0,25
3,01	0,21
2,98	0,24
3,02	0,25
3,05	0,27
3,06	0,21
3,06	0,24
3,02	0,23
3,08	0,26
3,18	0,24
3,12	0,28
3,13	0,24
3,14	0,24
3,15	0,24
3,16	0,25
3,11	0,24
3,17	0,26
3,19	0,26
3,19	0,26
3,2	0,24
3,31	0,25
3,25	0,25
3,33	0,25
3,25	0,26
3,23	0,23
3,3	0,28
3,29	0,25
3,26	0,24
3,33	0,22
3,31	0,24
3,35	0,22
3,36	0,27
3,3	0,24
3,42	0,21
3,4	0,22
3,39	0,24
3,39	0,24
3,43	0,25
3,44	0,28
3,46	0,22
3,47	0,27
3,49	0,25
3,48	0,27
3,44	0,24
3,52	0,24
3,53	0,22
3,55	0,22
3,56	0,25
3,54	0,26
3,6	0,26
3,7	0,24
3,57	0,24
3,59	0,26
3,61	0,28
3,61	0,25
3,54	0,23
3,61	0,23
3,66	0,24
3,66	0,26
3,68	0,24
3,62	0,23
3,69	0,24
3,73	0,21
3,69	0,23
3,74	0,23
3,77	0,22
3,77	0,24
3,7	0,24
3,7	0,23
3,81	0,22
3,83	0,25
3,79	0,24
3,75	0,22
3,8	0,23
3,85	0,24
3,86	0,25
3,83	0,24
3,92	0,25
3,88	0,26
3,92	0,23
3,91	0,25
3,94	0,28
3,88	0,24
3,91	0,24
3,97	0,24
3,99	0,28
  4	0,22
3,98	0,24
4,03	0,21
3,95	0,24
4,05	0,25
4,04	0,26
3,99	0,23
4,08	0,24
4,1	0,28
4,09	0,25
4,11	0,26
4,12	0,23
4,16	0,25
4,16	0,25
4,11	0,24
4,16	0,26
4,18	0,24
4,12	0,23
4,17	0,24
4,3	0,25
4,23	0,26
4,24	0,24
4,29	0,25
4,21	0,23
4,24	0,24
4,28	0,23
4,3	0,28
4,31	0,23
4,27	0,23
4,34	0,27
4,37	0,26
4,34	0,25
4,38	0,28
4,37	0,26
4,39	0,28
4,42	0,22
4,43	0,25
4,43	0,25
4,44	0,23
4,45	0,28
4,45	0,26
4,56	0,24
4,43	0,23
4,51	0,21
4,52	0,25
4,55	0,25
4,6	0,25
4,51	0,24
4,58	0,25
4,57	0,23
4,57	0,26
4,57	0,24
4,58	0,26
4,58	0,26
4,6	0,19
4,59	0,18
4,56	0,12
4,55	-0,01
4,47	-0,08
4,49	-0,12
4,48	-0,35
4,46	-0,39
4,43	-0,39
4,43	-0,44
4,46	-0,41
4,46	-0,39
4,42	-0,36
4,39	-0,17
4,4	-0,17
4,39	-0,04
4,35	-0,09
4,35	-0,12
4,34	-0,15
4,33	-0,18
4,28	-0,1
4,32	-0,22
4,3	-0,14
4,3	-0,13
4,32	-0,22
4,35	-0,19
4,25	-0,23
4,24	-0,22
4,23	-0,18
4,21	-0,22
4,2	-0,23
4,2	-0,25
4,19	-0,26
4,25	-0,14
4,17	-0,08
4,06	-0,15
4,13	-0,21
4,19	-0,14
4,11	-0,24
4,1	-0,24
4,09	-0,11
4,07	-0,24
4,06	-0,11
4,05	-0,24
4,06	-0,21
4,04	-0,07
4,03	-0,1
4,02	-0,09
3,93	-0,13
3,98	-0,23
3,92	-0,21
3,97	-0,12
3,88	-0,16
3,94	-0,27
3,85	-0,17
3,91	-0,26
3,89	-0,24
3,95	-0,1
3,96	-0,14
3,8	-0,15
3,86	-0,22
3,78	-0,18
3,77	-0,12
3,74	-0,17
3,89	-0,15
3,8	-0,11
3,8	-0,1
3,77	-0,06
3,8	-0,22
3,84	-0,13
3,75	-0,12
3,72	-0,22
3,77	-0,18
3,72	-0,19
3,66	-0,12
3,63	-0,18
3,68	-0,13
3,67	-0,09
3,61	-0,15
3,66	-0,18
3,63	-0,25
3,59	-0,11
3,59	-0,22
3,63	-0,15
3,58	-0,21
3,56	-0,21
3,55	-0,12
3,53	-0,22
3,52	-0,22
3,53	-0,07
3,61	-0,14
3,5	-0,12
3,41	-0,21
3,48	-0,22
3,45	-0,22
3,5	-0,16
3,43	-0,22
3,42	-0,26
3,41	-0,23
3,41	-0,07
3,39	-0,23
3,46	-0,17
3,39	-0,2
3,36	-0,12
3,35	-0,11
3,33	-0,19
3,31	-0,23
3,31	-0,08
3,33	-0,24
3,26	-0,11
3,25	-0,11
3,27	-0,21
3,25	-0,1
3,22	-0,11
3,23	-0,23
3,13	-0,18
3,2	-0,23
3,2	-0,11
3,2	-0,19
3,17	-0,08
3,18	-0,21
3,09	-0,22
3,15	-0,16
3,12	-0,22
3,1	-0,23
3,18	-0,14
3,05	-0,13
3,08	-0,06
3,08	-0,16
3,02	-0,11
3,05	-0,1
  3	-0,13
3,03	-0,21
3,05	-0,15
  3	-0,22
2,94	-0,15
2,97	-0,25
2,95	-0,12
2,97	-0,14
2,99	-0,15
2,91	-0,21
2,92	-0,1
2,85	-0,17
2,89	-0,12
2,89	-0,09
2,94	-0,12
2,86	-0,08
2,78	-0,1
2,81	-0,18
2,85	-0,15
2,81	-0,08
2,83	-0,21
2,79	-0,21
2,77	-0,21
2,76	-0,11
2,81	-0,17
2,74	-0,25
2,74	-0,15
2,8	-0,23
2,69	-0,26
2,67	-0,13
2,76	-0,15
2,67	-0,1
2,66	-0,23
2,62	-0,08
2,73	-0,11
2,63	-0,05
2,62	-0,08
2,68	-0,11
2,52	-0,15
2,58	-0,06
2,56	-0,1
2,55	-0,13
2,54	-0,14
2,54	-0,14
2,51	-0,1
2,51	-0,12
2,5	-0,12
2,5	-0,13
2,45	-0,1
2,47	-0,05
2,48	-0,14
2,44	-0,25
2,4	-0,13
2,42	-0,13
2,39	-0,26
2,39	-0,26
2,37	-0,23
2,39	-0,2
2,36	-0,11
2,36	-0,08
2,28	-0,11
2,33	-0,22
2,31	-0,18
2,29	-0,21
2,2	-0,18
2,35	-0,14
2,29	-0,19
2,28	-0,23
2,25	-0,14
2,15	-0,19
2,22	-0,25
2,22	-0,07
2,2	-0,14
2,26	-0,12
2,17	-0,1
2,15	-0,2
2,11	-0,23
2,06	-0,16
2,04	-0,21
2,12	-0,13
2,12	-0,19
2,09	-0,19
2,08	-0,16
2,08	-0,09
2,06	-0,13
2,02	-0,1
2,03	-0,22
2,01	-0,12
2,01	-0,23
1,99	-0,29
2,06	-0,23
1,91	-0,25
1,93	-0,21
1,94	-0,15
1,92	-0,11
1,95	-0,07
1,91	-0,19
1,92	-0,08
1,9	-0,05
1,8	-0,11
1,88	-0,08
1,85	-0,24
1,85	-0,12
1,84	-0,23
1,83	-0,25
1,8	-0,27
1,87	-0,21
1,79	-0,29
1,83	-0,16
1,76	-0,09
1,76	-0,07
1,66	-0,13
1,73	-0,1
1,7	-0,08
1,7	-0,18
1,68	-0,2
1,65	-0,1
1,63	-0,18
1,66	-0,16
1,7	-0,19
1,57	-0,2
1,56	-0,18
1,62	-0,11
1,6	-0,09
1,6	-0,06
1,58	-0,24
1,56	-0,21
1,54	-0,18
1,56	-0,21
1,57	-0,18
1,52	-0,24
1,5	-0,25
1,42	-0,2
1,49	-0,23
1,46	-0,12
1,39	-0,14
1,46	-0,07
1,44	-0,07
1,43	-0,06
1,48	-0,11
1,45	-0,13
1,4	-0,11
1,46	-0,14
1,3	-0,15
1,29	-0,15
1,35	-0,08
1,34	-0,07
1,31	-0,19
1,3	-0,24
1,3	-0,28
1,23	-0,16
1,27	-0,21
1,2	-0,17
1,25	-0,23
1,22	-0,12
1,28	-0,17
1,22	-0,07
1,21	-0,08
1,18	-0,11
1,2	-0,2
1,17	-0,24
1,17	-0,19
1,22	-0,15
1,09	-0,13
1,18	-0,19
1,12	-0,23
1,12	-0,14
1,13	-0,2
1,09	-0,23
1,07	-0,26
1,06	-0,1
1,05	-0,11
1,08	-0,1
1,04	-0,1
1,03	-0,07
1,01	-0,04
1,01	-0,13
0,98	-0,07
0,97	-0,11
0,94	-0,27
0,94	-0,18
0,97	-0,27
0,98	-0,26
0,94	-0,25
0,89	-0,27
0,86	-0,12
0,9	-0,17
0,88	-0,15
0,85	-0,05
0,86	-0,09
0,82	-0,14
0,86	-0,11
0,79	-0,1
0,78	-0,2
0,78	-0,07
0,76	-0,24
0,82	-0,19
0,74	-0,27
0,72	-0,27
0,74	-0,22
0,7	-0,28
0,63	-0,19
0,68	-0,22
0,76	-0,11
0,67	-0,14
0,63	-0,16
0,63	-0,18
0,63	-0,1
0,63	-0,16
0,6	-0,2
0,58	-0,1
0,54	-0,17
0,56	-0,28
0,62	-0,19
0,56	-0,14
0,54	-0,09
0,53	-0,1
0,51	-0,12
0,51	-0,22
0,5	-0,07
0,54	-0,11
0,43	-0,11
0,5	-0,15
0,37	-0,13
0,42	-0,2
0,47	-0,15
0,48	-0,13
0,44	-0,12
0,4	-0,22
0,3	-0,15
0,36	-0,25
0,35	-0,25
0,33	-0,19
0,33	-0,19
0,31	-0,18
0,22	-0,14
0,31	-0,22
0,3	-0,19
0,28	-0,15
0,25	-0,19
0,24	-0,11
0,18	-0,21
0,21	-0,1
0,21	-0,06
0,18	-0,1
0,12	-0,1
0,15	-0,14
0,16	-0,09
0,15	-0,12
0,06	-0,11
0,12	-0,12
0,12	-0,13
0,13	-0,1
0,1	-0,13
0,12	-0,11
0,01	-0,1
0,1	-0,1
0,04	-0,16
0,07	-0,11
0,02	-0,13
0,05	-0,1
0,01	-0,06
-0,02	-0,04
0,04	-0,08
-0,03	-0,1