-0,05	 -0
-0,05	-0,03
-0,04	-0,05
-0,05	-0,08
-0,02	0,03
-0,03	-0,05
-0,02	-0,02
  0	0,03
0,08	0,03
0,05	0,08
0,07	0,1
0,05	0,16
0,07	0,19
0,09	0,17
0,09	0,2
0,16	0,17
0,04	0,17
0,08	0,15
0,13	0,17
0,15	0,12
0,15	0,12
0,22	0,1
0,11	0,12
0,19	0,14
0,16	0,13
0,22	0,16
0,23	0,12
0,26	0,15
0,26	0,13
0,24	0,18
0,27	0,26
0,3	0,31
0,31	0,4
0,25	0,48
0,31	0,5
0,37	0,49
0,31	0,46
0,37	0,41
0,36	0,38
0,38	0,33
0,4	0,28
0,38	0,26
0,4	0,24
0,47	0,24
0,45	0,21
0,47	0,23
0,48	0,2
0,45	0,22
0,48	0,23
0,48	0,23
0,59	0,24
0,51	0,24
0,54	0,27
0,55	0,26
0,48	0,24
0,56	0,26
0,51	0,24
0,62	0,25
0,61	0,26
0,6	0,24
0,65	0,27
0,61	0,24
0,66	0,25
0,68	0,25
0,68	0,28
0,67	0,24
0,7	0,25
0,63	0,22
0,72	0,27
0,71	0,24
0,69	0,23
0,74	0,25
0,71	0,24
0,85	0,25
0,78	0,24
0,8	0,24
0,84	0,23
0,81	0,25
0,91	0,24
0,84	0,27
0,87	0,24
0,86	0,23
0,89	0,21
0,89	0,24
0,9	0,24
0,85	0,24
0,85	0,24
0,96	0,23
0,89	0,23
0,96	0,24
0,98	0,21
  1	0,21
0,95	0,24
1,03	0,23
1,02	0,27
1,04	0,27
1,04	0,27
1,14	0,23
1,06	0,27
1,06	0,23
1,03	0,22
1,11	0,24
1,07	0,22
1,13	0,27
1,17	0,25
1,2	0,26
1,12	0,24
1,18	0,25
1,11	0,24
1,15	0,24
1,2	0,26
1,29	0,23
1,15	0,22
1,25	0,24
1,23	0,24
1,28	0,22
1,34	0,24
1,29	0,26
1,29	0,25
1,31	0,26
1,35	0,26
1,32	0,25
1,36	0,25
1,37	0,24
1,34	0,24
1,39	0,21
1,34	0,22
1,4	0,22
1,41	0,24
1,43	0,25
1,39	0,23
1,45	0,28
1,38	0,24
1,54	0,24
1,45	0,24
1,43	0,23
1,53	0,21
1,54	0,25
1,5	0,23
1,54	0,22
1,54	0,24
1,63	0,22
1,59	0,24
1,59	0,24
1,68	0,25
1,62	0,22
1,59	0,27
1,62	0,25
1,65	0,29
1,74	0,25
1,67	0,26
1,69	0,22
1,74	0,25
1,69	0,26
1,76	0,24
1,73	0,24
1,67	0,23
1,76	0,21
1,78	0,26
1,76	0,27
1,81	0,26
1,82	0,27
1,81	0,24
1,78	0,26
1,78	0,22
1,86	0,21
1,86	0,18
1,82	0,21
1,89	0,23
1,89	0,21
1,92	0,28
1,92	0,29
1,94	0,27
1,92	0,26
1,9	0,25
1,97	0,26
1,97	0,26
1,97	0,22
1,98	0,26
1,99	0,23
2,01	0,25
2,04	0,24
2,06	0,24
2,08	0,25
2,08	0,21
2,01	0,24
2,09	0,27
2,06	0,24
2,1	0,26
2,14	0,22
2,14	0,23
2,15	0,25
2,12	0,23
2,15	0,23
2,24	0,24
2,17	0,23
2,19	0,24
2,15	0,23
2,21	0,24
2,25	0,22
2,25	0,25
2,26	0,24
2,28	0,25
2,33	0,26
2,29	0,26
2,3	0,25
2,31	0,25
2,34	0,29
2,34	0,26
2,39	0,26
2,38	0,22
2,45	0,23
2,37	0,24
2,39	0,21
2,41	0,19
2,48	0,23
2,5	0,22
2,44	0,24
2,41	0,22
2,48	0,29
2,48	0,28
2,48	0,27
2,5	0,28
2,48	0,26
2,49	0,28
2,55	0,22
2,6	0,26
2,59	0,23
2,59	0,27
2,6	0,24
2,59	0,25
2,61	0,26
2,63	0,26
2,66	0,26
2,58	0,23
2,67	0,26
2,68	0,2
2,67	0,25
2,69	0,23
2,66	0,21
2,72	0,2
2,73	0,23
2,73	0,22
2,71	0,24
2,78	0,28
2,7	0,25
2,78	0,27
2,73	0,25
2,83	0,26
2,81	0,24
2,84	0,28
2,86	0,25
2,86	0,28
2,86	0,22
2,89	0,21
2,89	0,24
2,91	0,24
2,95	0,25
2,94	0,21
2,86	0,23
2,89	0,24
2,95	0,26
2,91	0,24
2,99	0,26
2,97	0,24
3,02	0,27
  3	0,25
3,11	0,24
3,05	0,26
3,06	0,26
3,04	0,26
3,15	0,24
3,09	0,23
3,11	0,25
3,12	0,25
3,19	0,25
3,14	0,25
3,23	0,27
3,17	0,25
3,12	0,24
3,17	0,24
3,15	0,23
3,22	0,24
3,13	0,23
3,17	0,23
3,22	0,25
3,26	0,21
3,35	0,24
3,33	0,25
3,34	0,23
3,31	0,23
3,39	0,26
3,3	0,25
3,32	0,24
3,31	0,24
3,45	0,26
3,37	0,22
3,38	0,28
3,38	0,25
3,35	0,24
3,42	0,21
3,49	0,25
3,42	0,25
3,45	0,25
3,47	0,25
3,47	0,24
3,45	0,24
3,45	0,25
3,52	0,22
3,56	0,26
3,55	0,25
3,53	0,26
3,55	0,25
3,49	0,24
3,61	0,25
3,56	0,24
3,58	0,24
3,56	0,23
3,63	0,24
3,64	0,27
3,61	0,23
3,65	0,26
3,67	0,24
3,67	0,25
3,77	0,23
3,72	0,23
3,7	0,25
3,73	0,23
3,73	0,25
3,76	0,21
3,72	0,24
3,78	0,28
3,75	0,24
3,78	0,25
3,8	0,24
3,89	0,23
3,82	0,25
3,8	0,24
3,86	0,22
3,86	0,26
3,88	0,28
3,88	0,24
3,91	0,28
3,91	0,25
3,95	0,21
3,92	0,28
3,96	0,23
3,97	0,24
3,94	0,24
3,99	0,24
3,96	0,24
4,02	0,23
4,06	0,25
4,05	0,25
4,02	0,25
4,07	0,25
4,07	0,25
4,07	0,23
4,08	0,24
4,1	0,26
4,12	0,21
4,12	0,25
4,14	0,26
4,1	0,23
4,16	0,26
4,18	0,25
4,22	0,27
4,24	0,25
4,21	0,25
4,21	0,23
4,16	0,24
4,23	0,25
4,26	0,24
4,26	0,25
4,28	0,24
4,29	0,27
4,32	0,24
4,31	0,24
4,33	0,26
4,34	0,2
4,35	0,29
4,34	0,26
4,37	0,23
4,39	0,24
4,4	0,21
4,43	0,25
4,43	0,22
4,47	0,25
4,37	0,24
4,43	0,23
4,38	0,24
4,47	0,23
4,5	0,21
4,48	0,26
4,51	0,21
4,49	0,26
4,5	0,24
4,53	0,22
4,49	0,24
4,49	0,24
4,57	0,22
4,6	0,26
4,58	0,26
4,6	0,24
4,59	0,24
4,6	0,2
4,57	0,1
4,62	-0,01
4,5	-0,1
4,49	-0,11
4,49	-0,26
4,45	-0,4
4,53	-0,42
4,45	-0,44
4,39	-0,37
4,5	-0,4
4,43	-0,35
4,43	-0,25
4,4	-0,09
4,41	-0,14
4,42	-0,1
4,3	-0,1
4,33	-0,11
4,27	-0,11
4,33	-0,05
4,28	-0,26
4,25	-0,17
4,24	-0,2
4,27	-0,28
4,27	-0,29
4,32	-0,19
4,25	-0,08
4,16	-0,15
4,14	-0,12
4,22	-0,09
4,19	-0,22
4,19	-0,19
4,17	-0,26
4,1	-0,13
4,14	-0,22
4,13	-0,11
4,1	-0,14
4,12	-0,23
4,1	-0,12
4,17	-0,14
4,06	-0,12
4,08	-0,1
3,98	-0,16
4,03	-0,11
4,12	-0,12
4,03	-0,17
  4	-0,11
3,96	-0,14
3,99	-0,23
3,97	-0,23
3,96	-0,18
3,96	-0,07
3,94	-0,22
3,94	-0,19
3,91	-0,21
3,91	-0,22
3,9	-0,21
3,88	-0,24
3,86	-0,26
3,86	-0,24
3,85	-0,09
3,9	-0,15
3,8	-0,23
3,8	-0,11
3,79	-0,22
3,8	-0,14
3,78	-0,13
3,77	-0,09
3,75	-0,08
3,74	-0,23
3,71	-0,12
3,72	-0,11
3,7	-0,07
3,69	-0,22
3,69	-0,11
3,67	-0,28
3,57	-0,17
3,66	-0,08
3,63	-0,23
3,63	-0,11
3,55	-0,19
3,58	-0,12
3,55	-0,13
3,58	-0,12
3,64	-0,17
3,61	-0,19
3,55	-0,09
3,53	-0,06
3,51	-0,13
3,51	-0,07
3,49	-0,1
3,42	-0,18
3,55	-0,17
3,46	-0,26
3,44	-0,18
3,41	-0,1
3,42	-0,1
3,42	-0,1
3,41	-0,1
3,38	-0,11
3,38	-0,27
3,38	-0,22
3,35	-0,17
3,33	-0,2
3,33	-0,28
3,34	-0,24
3,31	-0,18
3,31	-0,24
3,34	-0,13
3,18	-0,14
3,27	-0,06
3,26	-0,07
3,24	-0,21
3,24	-0,19
3,19	-0,12
3,17	-0,13
3,19	-0,14
3,19	-0,11
3,17	-0,24
3,14	-0,21
3,15	-0,12
3,2	-0,1
3,09	-0,14
3,05	-0,13
3,12	-0,17
3,14	-0,15
  3	-0,15
3,05	-0,11
3,05	-0,08
3,13	-0,14
3,05	-0,11
3,06	-0,21
  3	-0,22
2,92	-0,15
2,94	-0,13
2,97	-0,22
3,01	-0,13
2,95	-0,23
2,91	-0,25
2,98	-0,13
2,92	-0,07
2,83	-0,15
2,9	-0,09
2,89	-0,06
2,86	-0,24
2,85	-0,23
2,85	-0,07
2,82	-0,21
2,81	-0,09
2,77	-0,13
2,79	-0,11
2,78	-0,11
2,78	-0,26
2,78	-0,11
2,75	-0,21
2,79	-0,16
2,73	-0,24
2,73	-0,11
2,7	-0,24
2,7	-0,08
2,75	-0,16
2,69	-0,12
2,59	-0,15
2,65	-0,07
2,64	-0,23
2,61	-0,14
2,62	-0,2
2,62	-0,17
2,59	-0,08
2,55	-0,2
2,58	-0,07
2,55	-0,11
2,54	-0,11
2,46	-0,17
2,51	-0,23
2,48	-0,11
2,51	-0,1
2,5	-0,19
2,48	-0,19
2,47	-0,08
2,37	-0,12
2,44	-0,09
2,45	-0,17
2,35	-0,15
2,38	-0,12
2,32	-0,17
2,32	-0,16
2,34	-0,11
2,39	-0,12
2,36	-0,17
2,34	-0,19
2,32	-0,24
2,33	-0,07
2,3	-0,07
2,36	-0,14
2,25	-0,11
2,27	-0,13
2,26	-0,1
2,3	-0,14
2,24	-0,19
2,22	-0,07
2,22	-0,12
2,23	-0,1
2,16	-0,13
2,15	-0,16
2,08	-0,11
2,15	-0,12
2,19	-0,12
2,12	-0,23
2,06	-0,14
2,06	-0,11
2,17	-0,15
2,1	-0,22
2,02	-0,17
2,06	-0,25
2,04	-0,1
2,03	-0,24
2,03	-0,12
2,01	-0,23
2,02	-0,16
1,98	-0,26
1,92	-0,13
1,97	-0,17
1,95	-0,09
1,93	-0,25
1,93	-0,12
1,91	-0,12
1,81	-0,19
1,89	-0,11
1,86	-0,16
1,87	-0,23
1,87	-0,12
1,86	-0,12
1,85	-0,22
1,85	-0,07
1,84	-0,1
1,82	-0,07
1,88	-0,08
1,77	-0,1
1,75	-0,15
1,68	-0,18
1,7	-0,31
1,71	-0,32
1,68	-0,36
1,7	-0,34
1,62	-0,35
1,7	-0,27
1,69	-0,24
1,64	-0,17
1,66	-0,14
1,61	-0,1
1,62	-0,16
1,65	-0,12
1,6	-0,21
1,58	-0,07
1,59	-0,14
1,55	-0,12
1,58	-0,16
1,48	-0,11
1,56	-0,14
1,51	-0,19
1,48	-0,1
1,46	-0,11
1,49	-0,19
1,48	-0,21
1,46	-0,08
1,44	-0,22
1,49	-0,17
1,43	-0,08
1,43	-0,12
1,46	-0,18
1,4	-0,27
1,39	-0,11
1,38	-0,16
1,31	-0,13
1,38	-0,11
1,34	-0,22
1,32	-0,06
1,25	-0,11
1,3	-0,19
1,29	-0,23
1,29	-0,08
1,26	-0,22
1,28	-0,2
1,25	-0,13
1,22	-0,29
1,29	-0,2
1,2	-0,11
1,2	-0,24
1,18	-0,24
1,18	-0,08
1,22	-0,12
1,15	-0,15
1,14	-0,22
1,12	-0,17
1,12	-0,19
1,1	-0,16
1,1	-0,19
1,08	-0,21
1,04	-0,14
1,04	-0,11
1,06	-0,16
1,07	-0,18
1,02	-0,11
1,01	-0,15
1,07	-0,24
0,96	-0,16
0,98	-0,09
1,02	-0,16
0,92	-0,24
0,94	-0,06
0,98	-0,17
0,99	-0,13
0,99	-0,12
0,92	-0,19
0,85	-0,12
0,86	-0,13
0,85	-0,31
0,79	-0,22
0,83	-0,13
0,83	-0,1
0,76	-0,13
0,79	-0,23
0,77	-0,13
0,8	-0,16
0,79	-0,09
0,75	-0,1
0,75	-0,08
0,76	-0,11
0,72	-0,07
0,7	-0,27
0,74	-0,13
0,68	-0,26
0,67	-0,11
0,7	-0,1
0,65	-0,21
0,63	-0,21
0,62	-0,2
0,61	-0,08
0,64	-0,16
0,67	-0,14
0,57	-0,25
0,57	-0,26
0,61	-0,16
0,55	-0,22
0,53	-0,07
0,53	-0,1
0,57	-0,12
0,43	-0,14
0,49	-0,15
0,49	-0,06
0,46	-0,1
0,45	-0,1
0,45	-0,18
0,43	-0,11
0,41	-0,11
0,42	-0,13
0,4	-0,1
0,38	-0,23
0,44	-0,13
0,4	-0,18
0,36	-0,08
0,34	-0,09
0,34	-0,12
0,31	-0,23
0,31	-0,2
0,29	-0,09
0,29	-0,09
0,35	-0,14
0,24	-0,11
0,21	-0,22
0,25	-0,15
0,29	-0,15
0,2	-0,13
0,21	-0,17
0,19	-0,27
0,12	-0,19
0,09	-0,19
0,15	-0,06
0,14	-0,17
0,15	-0,12
0,15	-0,1
0,1	-0,11
0,17	-0,08
0,09	-0,1
0,12	-0,1
0,05	-0,09
0,03	-0,1
0,04	-0,09
0,03	-0,22
-0,07	-0,12
-0,05	-0,1
-0,08	-0,11
-0,02	-0,13
-0,02	-0,05